game	difficulty	amplitude	velocity	time	xpos	y_computer	y_human	y_error	trial	x	y	z
juego1	easy	40.0	0.008	18208	700	283	278	-5	0	89.45	89.45	89.45
juego1	easy	40.0	0.008	18211	700	283	274	-9	0	90.99	90.99	90.99
juego1	easy	40.0	0.008	18220	700	283	275	-8	0	90.87	90.87	90.87
juego1	easy	40.0	0.008	18229	700	282	276	-6	0	90.5	90.5	90.5
juego1	easy	40.0	0.008	18238	700	282	277	-5	0	90.0	90.0	90.0
juego1	easy	40.0	0.008	18247	700	281	278	-3	0	89.51	89.51	89.51
juego1	easy	40.0	0.008	18254	700	281	279	-2	0	89.31	89.31	89.31
juego1	easy	40.0	0.008	18263	700	281	280	-1	0	89.03	89.03	89.03
juego1	easy	40.0	0.008	18272	700	280	280	0	0	88.88	88.88	88.88
juego1	easy	40.0	0.008	18281	700	280	280	0	0	88.87	88.87	88.87
juego1	easy	40.0	0.008	18290	700	279	280	1	0	88.9	88.9	88.9
juego1	easy	40.0	0.008	18299	700	279	279	0	0	89.06	89.06	89.06
juego1	easy	40.0	0.008	18307	700	278	279	1	0	89.28	89.28	89.28
juego1	easy	40.0	0.008	18316	700	278	279	1	0	89.39	89.39	89.39
juego1	easy	40.0	0.008	18324	700	278	278	0	0	89.55	89.55	89.55
juego1	easy	40.0	0.008	18333	700	277	278	1	0	89.65	89.65	89.65
juego1	easy	40.0	0.008	18342	700	277	278	1	0	89.67	89.67	89.67
juego1	easy	40.0	0.008	18350	700	276	278	2	0	89.68	89.68	89.68
juego1	easy	40.0	0.008	18358	700	276	278	2	0	89.64	89.64	89.64
juego1	easy	40.0	0.008	18367	700	275	278	3	0	89.53	89.53	89.53
juego1	easy	40.0	0.008	18375	700	275	278	3	0	89.47	89.47	89.47
juego1	easy	40.0	0.008	18384	700	275	279	4	0	89.33	89.33	89.33
juego1	easy	40.0	0.008	18393	700	274	279	5	0	89.19	89.19	89.19
juego1	easy	40.0	0.008	18402	700	274	279	5	0	89.11	89.11	89.11
juego1	easy	40.0	0.008	18411	700	273	279	6	0	89.1	89.1	89.1
juego1	easy	40.0	0.008	18420	700	273	279	6	0	89.14	89.14	89.14
juego1	easy	40.0	0.008	18429	700	273	279	6	0	89.2	89.2	89.2
juego1	easy	40.0	0.008	18437	700	272	279	7	0	89.3	89.3	89.3
juego1	easy	40.0	0.008	18446	700	272	279	7	0	89.35	89.35	89.35
juego1	easy	40.0	0.008	18455	700	271	279	8	0	89.39	89.39	89.39
juego1	easy	40.0	0.008	18462	700	271	279	8	0	89.37	89.37	89.37
juego1	easy	40.0	0.008	18471	700	270	279	9	0	89.36	89.36	89.36
juego1	easy	40.0	0.008	18480	700	270	279	9	0	89.3	89.3	89.3
juego1	easy	40.0	0.008	18487	700	270	279	9	0	89.27	89.27	89.27
juego1	easy	40.0	0.008	18497	700	269	279	10	0	89.27	89.27	89.27
juego1	easy	40.0	0.008	18505	700	269	279	10	0	89.34	89.34	89.34
juego1	easy	40.0	0.008	18513	700	268	278	10	0	89.45	89.45	89.45
juego1	easy	40.0	0.008	18521	700	268	278	10	0	89.53	89.53	89.53
juego1	easy	40.0	0.008	18530	700	268	278	10	0	89.73	89.73	89.73
juego1	easy	40.0	0.008	18539	700	267	277	10	0	90.07	90.07	90.07
juego1	easy	40.0	0.008	18548	700	267	275	8	0	90.59	90.59	90.59
juego1	easy	40.0	0.008	18556	700	266	275	9	0	90.86	90.86	90.86
juego1	easy	40.0	0.008	18565	700	266	273	7	0	91.41	91.41	91.41
juego1	easy	40.0	0.008	18575	700	266	272	6	0	91.99	91.99	91.99
juego1	easy	40.0	0.008	18583	700	265	270	5	0	92.66	92.66	92.66
juego1	easy	40.0	0.008	18591	700	265	269	4	0	93.03	93.03	93.03
juego1	easy	40.0	0.008	18600	700	264	267	3	0	93.75	93.75	93.75
juego1	easy	40.0	0.008	18608	700	264	265	1	0	94.53	94.53	94.53
juego1	easy	40.0	0.008	18617	700	264	264	0	0	94.95	94.95	94.95
juego1	easy	40.0	0.008	18626	700	263	261	-2	0	95.85	95.85	95.85
juego1	easy	40.0	0.008	18634	700	263	258	-5	0	96.95	96.95	96.95
juego1	easy	40.0	0.008	18643	700	262	255	-7	0	98.22	98.22	98.22
juego1	easy	40.0	0.008	18651	700	262	253	-9	0	98.88	98.88	98.88
juego1	easy	40.0	0.008	18660	700	262	250	-12	0	100.17	100.17	100.17
juego1	easy	40.0	0.008	18669	700	261	247	-14	0	101.37	101.37	101.37
juego1	easy	40.0	0.008	18678	700	261	244	-17	0	102.44	102.44	102.44
juego1	easy	40.0	0.008	18686	700	260	243	-17	0	102.93	102.93	102.93
juego1	easy	40.0	0.008	18694	700	260	240	-20	0	103.79	103.79	103.79
juego1	easy	40.0	0.008	18703	700	260	239	-21	0	104.22	104.22	104.22
juego1	easy	40.0	0.008	18712	700	259	237	-22	0	105.14	105.14	105.14
juego1	easy	40.0	0.008	18721	700	259	234	-25	0	106.28	106.28	106.28
juego1	easy	40.0	0.008	18730	700	259	230	-29	0	107.82	107.82	107.82
juego1	easy	40.0	0.008	18739	700	258	225	-33	0	109.72	109.72	109.72
juego1	easy	40.0	0.008	18747	700	258	222	-36	0	110.74	110.74	110.74
juego1	easy	40.0	0.008	18756	700	257	216	-41	0	112.85	112.85	112.85
juego1	easy	40.0	0.008	18764	700	257	211	-46	0	114.71	114.71	114.71
juego1	easy	40.0	0.008	18772	700	257	209	-48	0	115.51	115.51	115.51
juego1	easy	40.0	0.008	18781	700	256	206	-50	0	116.84	116.84	116.84
juego1	easy	40.0	0.008	18790	700	256	203	-53	0	117.63	117.63	117.63
juego1	easy	40.0	0.008	18798	700	256	203	-53	0	117.84	117.84	117.84
juego1	easy	40.0	0.008	18806	700	255	203	-52	0	117.85	117.85	117.85
juego1	easy	40.0	0.008	18814	700	255	203	-52	0	117.9	117.9	117.9
juego1	easy	40.0	0.008	18823	700	255	202	-53	0	118.02	118.02	118.02
juego1	easy	40.0	0.008	18831	700	254	202	-52	0	118.15	118.15	118.15
juego1	easy	40.0	0.008	18839	700	254	201	-53	0	118.59	118.59	118.59
juego1	easy	40.0	0.008	18848	700	253	199	-54	0	119.32	119.32	119.32
juego1	easy	40.0	0.008	18856	700	253	198	-55	0	119.74	119.74	119.74
juego1	easy	40.0	0.008	18865	700	253	196	-57	0	120.55	120.55	120.55
juego1	easy	40.0	0.008	18874	700	252	194	-58	0	121.13	121.13	121.13
juego1	easy	40.0	0.008	18883	700	252	193	-59	0	121.39	121.39	121.39
juego1	easy	40.0	0.008	18892	700	252	193	-59	0	121.4	121.4	121.4
juego1	easy	40.0	0.008	18901	700	251	194	-57	0	121.33	121.33	121.33
juego1	easy	40.0	0.008	18910	700	251	194	-57	0	121.19	121.19	121.19
juego1	easy	40.0	0.008	18919	700	251	194	-57	0	121.11	121.11	121.11
juego1	easy	40.0	0.008	18928	700	250	194	-56	0	121.18	121.18	121.18
juego1	easy	40.0	0.008	18937	700	250	194	-56	0	121.27	121.27	121.27
juego1	easy	40.0	0.008	18946	700	250	193	-57	0	121.57	121.57	121.57
juego1	easy	40.0	0.008	18955	700	249	192	-57	0	121.98	121.98	121.98
juego1	easy	40.0	0.008	18964	700	249	191	-58	0	122.42	122.42	122.42
juego1	easy	40.0	0.008	18973	700	249	190	-59	0	122.61	122.61	122.61
juego1	easy	40.0	0.008	18982	700	248	189	-59	0	122.92	122.92	122.92
juego1	easy	40.0	0.008	18991	700	248	189	-59	0	123.11	123.11	123.11
juego1	easy	40.0	0.008	19000	700	248	189	-59	0	123.2	123.2	123.2
juego1	easy	40.0	0.008	19009	700	247	189	-58	0	123.24	123.24	123.24
juego1	easy	40.0	0.008	19018	700	247	188	-59	0	123.28	123.28	123.28
juego1	easy	40.0	0.008	19026	700	247	188	-59	0	123.39	123.39	123.39
juego1	easy	40.0	0.008	19035	700	247	188	-59	0	123.59	123.59	123.59
juego1	easy	40.0	0.008	19044	700	246	187	-59	0	123.85	123.85	123.85
juego1	easy	40.0	0.008	19052	700	246	187	-59	0	123.98	123.98	123.98
juego1	easy	40.0	0.008	19060	700	246	186	-60	0	124.22	124.22	124.22
juego1	easy	40.0	0.008	19069	700	245	185	-60	0	124.4	124.4	124.4
juego1	easy	40.0	0.008	19078	700	245	185	-60	0	124.46	124.46	124.46
juego1	easy	40.0	0.008	19087	700	245	185	-60	0	124.53	124.53	124.53
juego1	easy	40.0	0.008	19096	700	244	185	-59	0	124.55	124.55	124.55
juego1	easy	40.0	0.008	19105	700	244	185	-59	0	124.54	124.54	124.54
juego1	easy	40.0	0.008	19114	700	244	185	-59	0	124.55	124.55	124.55
juego1	easy	40.0	0.008	19122	700	244	185	-59	0	124.58	124.58	124.58
juego1	easy	40.0	0.008	19129	700	243	185	-58	0	124.69	124.69	124.69
juego1	easy	40.0	0.008	19138	700	243	185	-58	0	124.76	124.76	124.76
juego1	easy	40.0	0.008	19147	700	243	184	-59	0	124.95	124.95	124.95
juego1	easy	40.0	0.008	19156	700	242	183	-59	0	125.2	125.2	125.2
juego1	easy	40.0	0.008	19165	700	242	183	-59	0	125.37	125.37	125.37
juego1	easy	40.0	0.008	19173	700	242	183	-59	0	125.41	125.41	125.41
juego1	easy	40.0	0.008	19182	700	242	183	-59	0	125.43	125.43	125.43
juego1	easy	40.0	0.008	19191	700	241	183	-58	0	125.41	125.41	125.41
juego1	easy	40.0	0.008	19200	700	241	183	-58	0	125.35	125.35	125.35
juego1	easy	40.0	0.008	19208	700	241	183	-58	0	125.3	125.3	125.3
juego1	easy	40.0	0.008	19216	700	241	183	-58	0	125.2	125.2	125.2
juego1	easy	40.0	0.008	19225	700	240	183	-57	0	125.19	125.19	125.19
juego1	easy	40.0	0.008	19234	700	240	183	-57	0	125.26	125.26	125.26
juego1	easy	40.0	0.008	19243	700	240	183	-57	0	125.32	125.32	125.32
juego1	easy	40.0	0.008	19251	700	240	183	-57	0	125.45	125.45	125.45
juego1	easy	40.0	0.008	19260	700	239	182	-57	0	125.55	125.55	125.55
juego1	easy	40.0	0.008	19269	700	239	182	-57	0	125.57	125.57	125.57
juego1	easy	40.0	0.008	19276	700	239	182	-57	0	125.57	125.57	125.57
juego1	easy	40.0	0.008	19285	700	239	183	-56	0	125.5	125.5	125.5
juego1	easy	40.0	0.008	19294	700	239	183	-56	0	125.42	125.42	125.42
juego1	easy	40.0	0.008	19303	700	238	183	-55	0	125.39	125.39	125.39
juego1	easy	40.0	0.008	19312	700	238	183	-55	0	125.37	125.37	125.37
juego1	easy	40.0	0.008	19321	700	238	183	-55	0	125.43	125.43	125.43
juego1	easy	40.0	0.008	19329	700	238	182	-56	0	125.54	125.54	125.54
juego1	easy	40.0	0.008	19336	700	237	182	-55	0	125.61	125.61	125.61
juego1	easy	40.0	0.008	19345	700	237	182	-55	0	125.72	125.72	125.72
juego1	easy	40.0	0.008	19353	700	237	182	-55	0	125.76	125.76	125.76
juego1	easy	40.0	0.008	19362	700	237	182	-55	0	125.78	125.78	125.78
juego1	easy	40.0	0.008	19371	700	237	182	-55	0	125.72	125.72	125.72
juego1	easy	40.0	0.008	19380	700	236	182	-54	0	125.6	125.6	125.6
juego1	easy	40.0	0.008	19388	700	236	183	-53	0	125.51	125.51	125.51
juego1	easy	40.0	0.008	19397	700	236	183	-53	0	125.34	125.34	125.34
juego1	easy	40.0	0.008	19406	700	236	183	-53	0	125.2	125.2	125.2
juego1	easy	40.0	0.008	19416	700	236	184	-52	0	125.09	125.09	125.09
juego1	easy	40.0	0.008	19424	700	235	184	-51	0	125.04	125.04	125.04
juego1	easy	40.0	0.008	19432	700	235	184	-51	0	125.01	125.01	125.01
juego1	easy	40.0	0.008	19440	700	235	184	-51	0	124.98	124.98	124.98
juego1	easy	40.0	0.008	19449	700	235	184	-51	0	124.95	124.95	124.95
juego1	easy	40.0	0.008	19458	700	235	184	-51	0	124.88	124.88	124.88
juego1	easy	40.0	0.008	19465	700	235	185	-50	0	124.74	124.74	124.74
juego1	easy	40.0	0.008	19474	700	234	185	-49	0	124.64	124.64	124.64
juego1	easy	40.0	0.008	19482	700	234	186	-48	0	124.37	124.37	124.37
juego1	easy	40.0	0.008	19491	700	234	186	-48	0	124.06	124.06	124.06
juego1	easy	40.0	0.008	19500	700	234	187	-47	0	123.76	123.76	123.76
juego1	easy	40.0	0.008	19509	700	234	188	-46	0	123.53	123.53	123.53
juego1	easy	40.0	0.008	19518	700	234	188	-46	0	123.43	123.43	123.43
juego1	easy	40.0	0.008	19527	700	233	188	-45	0	123.29	123.29	123.29
juego1	easy	40.0	0.008	19536	700	233	189	-44	0	123.18	123.18	123.18
juego1	easy	40.0	0.008	19545	700	233	189	-44	0	123.07	123.07	123.07
juego1	easy	40.0	0.008	19554	700	233	189	-44	0	122.9	122.9	122.9
juego1	easy	40.0	0.008	19563	700	233	190	-43	0	122.78	122.78	122.78
juego1	easy	40.0	0.008	19572	700	233	191	-42	0	122.48	122.48	122.48
juego1	easy	40.0	0.008	19581	700	233	192	-41	0	122.1	122.1	122.1
juego1	easy	40.0	0.008	19590	700	233	193	-40	0	121.65	121.65	121.65
juego1	easy	40.0	0.008	19599	700	232	193	-39	0	121.4	121.4	121.4
juego1	easy	40.0	0.008	19607	700	232	195	-37	0	120.88	120.88	120.88
juego1	easy	40.0	0.008	19615	700	232	196	-36	0	120.41	120.41	120.41
juego1	easy	40.0	0.008	19623	700	232	197	-35	0	120.22	120.22	120.22
juego1	easy	40.0	0.008	19630	700	232	197	-35	0	119.91	119.91	119.91
juego1	easy	40.0	0.008	19638	700	232	198	-34	0	119.78	119.78	119.78
juego1	easy	40.0	0.008	19647	700	232	198	-34	0	119.56	119.56	119.56
juego1	easy	40.0	0.008	19655	700	232	199	-33	0	119.35	119.35	119.35
juego1	easy	40.0	0.008	19664	700	232	199	-33	0	119.24	119.24	119.24
juego1	easy	40.0	0.008	19672	700	231	200	-31	0	119.08	119.08	119.08
juego1	easy	40.0	0.008	19681	700	231	201	-30	0	118.63	118.63	118.63
juego1	easy	40.0	0.008	19690	700	231	202	-29	0	118.26	118.26	118.26
juego1	easy	40.0	0.008	19698	700	231	202	-29	0	118.08	118.08	118.08
juego1	easy	40.0	0.008	19707	700	231	203	-28	0	117.7	117.7	117.7
juego1	easy	40.0	0.008	19716	700	231	204	-27	0	117.32	117.32	117.32
juego1	easy	40.0	0.008	19723	700	231	205	-26	0	117.11	117.11	117.11
juego1	easy	40.0	0.008	19732	700	231	206	-25	0	116.7	116.7	116.7
juego1	easy	40.0	0.008	19741	700	231	207	-24	0	116.31	116.31	116.31
juego1	easy	40.0	0.008	19750	700	231	208	-23	0	116.07	116.07	116.07
juego1	easy	40.0	0.008	19758	700	231	209	-22	0	115.64	115.64	115.64
juego1	easy	40.0	0.008	19767	700	231	210	-21	0	115.25	115.25	115.25
juego1	easy	40.0	0.008	19776	700	231	211	-20	0	114.9	114.9	114.9
juego1	easy	40.0	0.008	19784	700	231	211	-20	0	114.73	114.73	114.73
juego1	easy	40.0	0.008	19793	700	231	212	-19	0	114.39	114.39	114.39
juego1	easy	40.0	0.008	19802	700	231	213	-18	0	114.09	114.09	114.09
juego1	easy	40.0	0.008	19811	700	230	214	-16	0	113.8	113.8	113.8
juego1	easy	40.0	0.008	19820	700	230	215	-15	0	113.46	113.46	113.46
juego1	easy	40.0	0.008	19829	700	230	215	-15	0	113.26	113.26	113.26
juego1	easy	40.0	0.008	19837	700	230	216	-14	0	112.81	112.81	112.81
juego1	easy	40.0	0.008	19845	700	230	218	-12	0	112.32	112.32	112.32
juego1	easy	40.0	0.008	19854	700	230	218	-12	0	112.07	112.07	112.07
juego1	easy	40.0	0.008	19863	700	230	219	-11	0	111.65	111.65	111.65
juego1	easy	40.0	0.008	19872	700	230	220	-10	0	111.35	111.35	111.35
juego1	easy	40.0	0.008	19881	700	230	221	-9	0	111.2	111.2	111.2
juego1	easy	40.0	0.008	19888	700	230	221	-9	0	111.16	111.16	111.16
juego1	easy	40.0	0.008	19897	700	230	221	-9	0	111.13	111.13	111.13
juego1	easy	40.0	0.008	19906	700	230	221	-9	0	111.13	111.13	111.13
juego1	easy	40.0	0.008	19914	700	230	221	-9	0	111.12	111.12	111.12
juego1	easy	40.0	0.008	19923	700	230	221	-9	0	111.02	111.02	111.02
juego1	easy	40.0	0.008	19932	700	230	222	-8	0	110.83	110.83	110.83
juego1	easy	40.0	0.008	19941	700	230	222	-8	0	110.58	110.58	110.58
juego1	easy	40.0	0.008	19950	700	230	223	-7	0	110.42	110.42	110.42
juego1	easy	40.0	0.008	19958	700	230	223	-7	0	110.12	110.12	110.12
juego1	easy	40.0	0.008	19966	700	230	224	-6	0	109.89	109.89	109.89
juego1	easy	40.0	0.008	19973	700	230	224	-6	0	109.81	109.81	109.81
juego1	easy	40.0	0.008	19983	700	230	225	-5	0	109.72	109.72	109.72
juego1	easy	40.0	0.008	19991	700	230	225	-5	0	109.68	109.68	109.68
juego1	easy	40.0	0.008	19999	700	231	225	-6	0	109.68	109.68	109.68
juego1	easy	40.0	0.008	20006	700	231	225	-6	0	109.67	109.67	109.67
juego1	easy	40.0	0.008	20015	700	231	225	-6	0	109.65	109.65	109.65
juego1	easy	40.0	0.008	20023	700	231	225	-6	0	109.59	109.59	109.59
juego1	easy	40.0	0.008	20031	700	231	225	-6	0	109.44	109.44	109.44
juego1	easy	40.0	0.008	20040	700	231	226	-5	0	109.34	109.34	109.34
juego1	easy	40.0	0.008	20048	700	231	226	-5	0	109.11	109.11	109.11
juego1	easy	40.0	0.008	20057	700	231	227	-4	0	108.86	108.86	108.86
juego1	easy	40.0	0.008	20067	700	231	227	-4	0	108.61	108.61	108.61
juego1	easy	40.0	0.008	20074	700	231	228	-3	0	108.48	108.48	108.48
juego1	easy	40.0	0.008	20083	700	231	228	-3	0	108.25	108.25	108.25
juego1	easy	40.0	0.008	20092	700	231	229	-2	0	108.0	108.0	108.0
juego1	easy	40.0	0.008	20101	700	231	230	-1	0	107.71	107.71	107.71
juego1	easy	40.0	0.008	20111	700	231	231	0	0	107.31	107.31	107.31
juego1	easy	40.0	0.008	20119	700	231	232	1	0	107.07	107.07	107.07
juego1	easy	40.0	0.008	20127	700	232	233	1	0	106.49	106.49	106.49
juego1	easy	40.0	0.008	20135	700	232	234	2	0	106.19	106.19	106.19
juego1	easy	40.0	0.008	20142	700	232	236	4	0	105.54	105.54	105.54
juego1	easy	40.0	0.008	20151	700	232	237	5	0	104.85	104.85	104.85
juego1	easy	40.0	0.008	20161	700	232	238	6	0	104.51	104.51	104.51
juego1	easy	40.0	0.008	20169	700	232	240	8	0	103.8	103.8	103.8
juego1	easy	40.0	0.008	20178	700	232	242	10	0	103.06	103.06	103.06
juego1	easy	40.0	0.008	20186	700	232	244	12	0	102.27	102.27	102.27
juego1	easy	40.0	0.008	20195	700	232	246	14	0	101.78	101.78	101.78
juego1	easy	40.0	0.008	20203	700	232	246	14	0	101.78	101.78	101.78
juego1	easy	40.0	0.008	20212	700	233	251	18	0	99.89	99.89	99.89
juego1	easy	40.0	0.008	20221	700	233	257	24	0	97.55	97.55	97.55
juego1	easy	40.0	0.008	20230	700	233	259	26	0	96.77	96.77	96.77
juego1	easy	40.0	0.008	20239	700	233	263	30	0	95.25	95.25	95.25
juego1	easy	40.0	0.008	20247	700	233	267	34	0	93.92	93.92	93.92
juego1	easy	40.0	0.008	20256	700	233	269	36	0	92.84	92.84	92.84
juego1	easy	40.0	0.008	20265	700	233	271	38	0	92.36	92.36	92.36
juego1	easy	40.0	0.008	20274	700	234	273	39	0	91.49	91.49	91.49
juego1	easy	40.0	0.008	20281	700	234	275	41	0	90.7	90.7	90.7
juego1	easy	40.0	0.008	20290	700	234	276	42	0	90.27	90.27	90.27
juego1	easy	40.0	0.008	20299	700	234	279	45	0	89.29	89.29	89.29
juego1	easy	40.0	0.008	20306	700	234	280	46	0	88.76	88.76	88.76
juego1	easy	40.0	0.008	20315	700	234	283	49	0	87.6	87.6	87.6
juego1	easy	40.0	0.008	20323	700	234	286	52	0	86.47	86.47	86.47
juego1	easy	40.0	0.008	20331	700	235	289	54	0	85.44	85.44	85.44
juego1	easy	40.0	0.008	20340	700	235	290	55	0	84.99	84.99	84.99
juego1	easy	40.0	0.008	20349	700	235	292	57	0	84.25	84.25	84.25
juego1	easy	40.0	0.008	20358	700	235	294	59	0	83.69	83.69	83.69
juego1	easy	40.0	0.008	20366	700	235	294	59	0	83.46	83.46	83.46
juego1	easy	40.0	0.008	20374	700	235	296	61	0	82.98	82.98	82.98
juego1	easy	40.0	0.008	20383	700	236	297	61	0	82.38	82.38	82.38
juego1	easy	40.0	0.008	20392	700	236	299	63	0	81.62	81.62	81.62
juego1	easy	40.0	0.008	20400	700	236	300	64	0	81.2	81.2	81.2
juego1	easy	40.0	0.008	20409	700	236	302	66	0	80.26	80.26	80.26
juego1	easy	40.0	0.008	20418	700	236	304	68	0	79.3	79.3	79.3
juego1	easy	40.0	0.008	20427	700	237	307	70	0	78.45	78.45	78.45
juego1	easy	40.0	0.008	20436	700	237	308	71	0	78.06	78.06	78.06
juego1	easy	40.0	0.008	20445	700	237	309	72	0	77.41	77.41	77.41
juego1	easy	40.0	0.008	20452	700	237	311	74	0	76.83	76.83	76.83
juego1	easy	40.0	0.008	20460	700	237	312	75	0	76.51	76.51	76.51
juego1	easy	40.0	0.008	20470	700	238	314	76	0	75.81	75.81	75.81
juego1	easy	40.0	0.008	20478	700	238	316	78	0	75.04	75.04	75.04
juego1	easy	40.0	0.008	20487	700	238	318	80	0	74.16	74.16	74.16
juego1	easy	40.0	0.008	20496	700	238	319	81	0	73.65	73.65	73.65
juego1	easy	40.0	0.008	20505	700	239	323	84	0	72.51	72.51	72.51
juego1	easy	40.0	0.008	20514	700	239	326	87	0	71.36	71.36	71.36
juego1	easy	40.0	0.008	20522	700	239	328	89	0	70.34	70.34	70.34
juego1	easy	40.0	0.008	20531	700	239	330	91	0	69.88	69.88	69.88
juego1	easy	40.0	0.008	20540	700	240	332	92	0	69.11	69.11	69.11
juego1	easy	40.0	0.008	20549	700	240	333	93	0	68.47	68.47	68.47
juego1	easy	40.0	0.008	20557	700	240	335	95	0	67.87	67.87	67.87
juego1	easy	40.0	0.008	20566	700	240	336	96	0	67.57	67.57	67.57
juego1	easy	40.0	0.008	20574	700	240	338	98	0	66.83	66.83	66.83
juego1	easy	40.0	0.008	20582	700	241	340	99	0	65.89	65.89	65.89
juego1	easy	40.0	0.008	20591	700	241	341	100	0	65.38	65.38	65.38
juego1	easy	40.0	0.008	20599	700	241	344	103	0	64.35	64.35	64.35
juego1	easy	40.0	0.008	20608	700	242	347	105	0	63.45	63.45	63.45
juego1	easy	40.0	0.008	20617	700	242	348	106	0	62.81	62.81	62.81
juego1	easy	40.0	0.008	20625	700	242	349	107	0	62.56	62.56	62.56
juego1	easy	40.0	0.008	20634	700	242	350	108	0	62.14	62.14	62.14
juego1	easy	40.0	0.008	20643	700	243	351	108	0	61.77	61.77	61.77
juego1	easy	40.0	0.008	20652	700	243	352	109	0	61.31	61.31	61.31
juego1	easy	40.0	0.008	20661	700	243	353	110	0	61.01	61.01	61.01
juego1	easy	40.0	0.008	20670	700	243	355	112	0	60.2	60.2	60.2
juego1	easy	40.0	0.008	20679	700	244	358	114	0	59.19	59.19	59.19
juego1	easy	40.0	0.008	20688	700	244	361	117	0	58.12	58.12	58.12
juego1	easy	40.0	0.008	20697	700	244	362	118	0	57.62	57.62	57.62
juego1	easy	40.0	0.008	20706	700	245	365	120	0	56.66	56.66	56.66
juego1	easy	40.0	0.008	20715	700	245	366	121	0	56.13	56.13	56.13
juego1	easy	40.0	0.008	20723	700	245	369	124	0	55.15	55.15	55.15
juego1	easy	40.0	0.008	20732	700	245	370	125	0	54.55	54.55	54.55
juego1	easy	40.0	0.008	20741	700	246	371	125	0	54.29	54.29	54.29
juego1	easy	40.0	0.008	20750	700	246	372	126	0	53.79	53.79	53.79
juego1	easy	40.0	0.008	20759	700	246	374	128	0	53.32	53.32	53.32
juego1	easy	40.0	0.008	20768	700	247	375	128	0	52.77	52.77	52.77
juego1	easy	40.0	0.008	20776	700	247	376	129	0	52.46	52.46	52.46
juego1	easy	40.0	0.008	20784	700	247	378	131	0	51.71	51.71	51.71
juego1	easy	40.0	0.008	20793	700	248	380	132	0	50.84	50.84	50.84
juego1	easy	40.0	0.008	20801	700	248	381	133	0	50.39	50.39	50.39
juego1	easy	40.0	0.008	20810	700	248	383	135	0	49.62	49.62	49.62
juego1	easy	40.0	0.008	20819	700	249	385	136	0	49.09	49.09	49.09
juego1	easy	40.0	0.008	20828	700	249	386	137	0	48.74	48.74	48.74
juego1	easy	40.0	0.008	20836	700	249	386	137	0	48.57	48.57	48.57
juego1	easy	40.0	0.008	20845	700	249	387	138	0	48.18	48.18	48.18
juego1	easy	40.0	0.008	20854	700	250	389	139	0	47.67	47.67	47.67
juego1	easy	40.0	0.008	20862	700	250	389	139	0	47.38	47.38	47.38
juego1	easy	40.0	0.008	20870	700	250	391	141	0	46.71	46.71	46.71
juego1	easy	40.0	0.008	20877	700	251	392	141	0	46.36	46.36	46.36
juego1	easy	40.0	0.008	20886	700	251	394	143	0	45.63	45.63	45.63
juego1	easy	40.0	0.008	20894	700	251	396	145	0	44.94	44.94	44.94
juego1	easy	40.0	0.008	20902	700	252	398	146	0	44.31	44.31	44.31
juego1	easy	40.0	0.008	20911	700	252	398	146	0	44.01	44.01	44.01
juego1	easy	40.0	0.008	20919	700	253	400	147	0	43.41	43.41	43.41
juego1	easy	40.0	0.008	20929	700	253	401	148	0	42.88	42.88	42.88
juego1	easy	40.0	0.008	20937	700	253	402	149	0	42.65	42.65	42.65
juego1	easy	40.0	0.008	20944	700	254	403	149	0	42.26	42.26	42.26
juego1	easy	40.0	0.008	20953	700	254	404	150	0	41.91	41.91	41.91
juego1	easy	40.0	0.008	20961	700	254	404	150	0	41.73	41.73	41.73
juego1	easy	40.0	0.008	20969	700	255	405	150	0	41.34	41.34	41.34
juego1	easy	40.0	0.008	20978	700	255	407	152	0	40.88	40.88	40.88
juego1	easy	40.0	0.008	20986	700	255	407	152	0	40.64	40.64	40.64
juego1	easy	40.0	0.008	20995	700	256	408	152	0	40.23	40.23	40.23
juego1	easy	40.0	0.008	21004	700	256	409	153	0	39.87	39.87	39.87
juego1	easy	40.0	0.008	21013	700	256	410	154	0	39.68	39.68	39.68
juego1	easy	40.0	0.008	21021	700	257	410	153	0	39.48	39.48	39.48
juego1	easy	40.0	0.008	21030	700	257	411	154	0	39.2	39.2	39.2
juego1	easy	40.0	0.008	21039	700	258	412	154	0	38.94	38.94	38.94
juego1	easy	40.0	0.008	21048	700	258	413	155	0	38.65	38.65	38.65
juego1	easy	40.0	0.008	21056	700	258	413	155	0	38.49	38.49	38.49
juego1	easy	40.0	0.008	21065	700	259	414	155	0	38.18	38.18	38.18
juego1	easy	40.0	0.008	21074	700	259	415	156	0	37.91	37.91	37.91
juego1	easy	40.0	0.008	21083	700	259	415	156	0	37.69	37.69	37.69
juego1	easy	40.0	0.008	21092	700	260	415	155	0	37.59	37.59	37.59
juego1	easy	40.0	0.008	21101	700	260	416	156	0	37.47	37.47	37.47
juego1	easy	40.0	0.008	21111	700	261	416	155	0	37.43	37.43	37.43
juego1	easy	40.0	0.008	21119	700	261	416	155	0	37.38	37.38	37.38
juego1	easy	40.0	0.008	21128	700	261	416	155	0	37.29	37.29	37.29
juego1	easy	40.0	0.008	21137	700	262	416	154	0	37.23	37.23	37.23
juego1	easy	40.0	0.008	21146	700	262	417	155	0	37.09	37.09	37.09
juego1	easy	40.0	0.008	21155	700	263	417	154	0	36.94	36.94	36.94
juego1	easy	40.0	0.008	21163	700	263	418	155	0	36.77	36.77	36.77
juego1	easy	40.0	0.008	21172	700	263	418	155	0	36.7	36.7	36.7
juego1	easy	40.0	0.008	21181	700	264	418	154	0	36.59	36.59	36.59
juego1	easy	40.0	0.008	21189	700	264	418	154	0	36.52	36.52	36.52
juego1	easy	40.0	0.008	21197	700	264	418	154	0	36.5	36.5	36.5
juego1	easy	40.0	0.008	21206	700	265	418	153	0	36.46	36.46	36.46
juego1	easy	40.0	0.008	21214	700	265	419	154	0	36.41	36.41	36.41
juego1	easy	40.0	0.008	21221	700	266	419	153	0	36.38	36.38	36.38
juego1	easy	40.0	0.008	21230	700	266	419	153	0	36.29	36.29	36.29
juego1	easy	40.0	0.008	21239	700	266	419	153	0	36.15	36.15	36.15
juego1	easy	40.0	0.008	21247	700	267	419	152	0	36.06	36.06	36.06
juego1	easy	40.0	0.008	21255	700	267	420	153	0	35.88	35.88	35.88
juego1	easy	40.0	0.008	21264	700	268	420	152	0	35.74	35.74	35.74
juego1	easy	40.0	0.008	21273	700	268	421	153	0	35.68	35.68	35.68
juego1	easy	40.0	0.008	21282	700	269	421	152	0	35.62	35.62	35.62
juego1	easy	40.0	0.008	21291	700	269	421	152	0	35.6	35.6	35.6
juego1	easy	40.0	0.008	21300	700	269	421	152	0	35.65	35.65	35.65
juego1	easy	40.0	0.008	21307	700	270	421	151	0	35.68	35.68	35.68
juego1	easy	40.0	0.008	21316	700	270	420	150	0	35.78	35.78	35.78
juego1	easy	40.0	0.008	21325	700	271	420	149	0	35.93	35.93	35.93
juego1	easy	40.0	0.008	21334	700	271	419	148	0	36.15	36.15	36.15
juego1	easy	40.0	0.008	21342	700	271	419	148	0	36.29	36.29	36.29
juego1	easy	40.0	0.008	21351	700	272	418	146	0	36.6	36.6	36.6
juego1	easy	40.0	0.008	21360	700	272	417	145	0	36.96	36.96	36.96
juego1	easy	40.0	0.008	21367	700	273	416	143	0	37.19	37.19	37.19
juego1	easy	40.0	0.008	21376	700	273	415	142	0	37.75	37.75	37.75
juego1	easy	40.0	0.008	21385	700	273	413	140	0	38.45	38.45	38.45
juego1	easy	40.0	0.008	21394	700	274	411	137	0	39.34	39.34	39.34
juego1	easy	40.0	0.008	21404	700	274	408	134	0	40.4	40.4	40.4
juego1	easy	40.0	0.008	21411	700	275	406	131	0	40.96	40.96	40.96
juego1	easy	40.0	0.008	21420	700	275	403	128	0	42.23	42.23	42.23
juego1	easy	40.0	0.008	21428	700	276	403	127	0	42.23	42.23	42.23
juego1	easy	40.0	0.008	21437	700	276	399	123	0	43.61	43.61	43.61
juego1	easy	40.0	0.008	21446	700	276	394	118	0	45.74	45.74	45.74
juego1	easy	40.0	0.008	21455	700	277	390	113	0	47.15	47.15	47.15
juego1	easy	40.0	0.008	21465	700	277	386	109	0	48.52	48.52	48.52
juego1	easy	40.0	0.008	21473	700	278	384	106	0	49.23	49.23	49.23
juego1	easy	40.0	0.008	21481	700	278	381	103	0	50.61	50.61	50.61
juego1	easy	40.0	0.008	21490	700	279	377	98	0	51.99	51.99	51.99
juego1	easy	40.0	0.008	21498	700	279	375	96	0	52.67	52.67	52.67
juego1	easy	40.0	0.008	21507	700	279	375	96	0	52.67	52.67	52.67
juego1	easy	40.0	0.008	21515	700	280	370	90	0	54.7	54.7	54.7
juego1	easy	40.0	0.008	21524	700	280	366	86	0	55.99	55.99	55.99
juego1	easy	40.0	0.008	21533	700	281	363	82	0	57.26	57.26	57.26
juego1	easy	40.0	0.008	21542	700	281	360	79	0	58.48	58.48	58.48
juego1	easy	40.0	0.008	21551	700	282	357	75	0	59.54	59.54	59.54
juego1	easy	40.0	0.008	21560	700	282	355	73	0	60.41	60.41	60.41
juego1	easy	40.0	0.008	21568	700	282	354	72	0	60.79	60.79	60.79
juego1	easy	40.0	0.008	21576	700	283	352	69	0	61.43	61.43	61.43
juego1	easy	40.0	0.008	21584	700	283	350	67	0	62.02	62.02	62.02
juego1	easy	40.0	0.008	21593	700	284	350	66	0	62.32	62.32	62.32
juego1	easy	40.0	0.008	21601	700	284	348	64	0	62.87	62.87	62.87
juego1	easy	40.0	0.008	21610	700	285	347	62	0	63.41	63.41	63.41
juego1	easy	40.0	0.008	21619	700	285	346	61	0	63.67	63.67	63.67
juego1	easy	40.0	0.008	21627	700	286	346	60	0	63.67	63.67	63.67
juego1	easy	40.0	0.008	21636	700	286	344	58	0	64.49	64.49	64.49
juego1	easy	40.0	0.008	21644	700	287	342	55	0	65.02	65.02	65.02
juego1	easy	40.0	0.008	21652	700	287	340	53	0	65.77	65.77	65.77
juego1	easy	40.0	0.008	21661	700	288	339	51	0	66.47	66.47	66.47
juego1	easy	40.0	0.008	21670	700	288	337	49	0	67.18	67.18	67.18
juego1	easy	40.0	0.008	21679	700	289	336	47	0	67.54	67.54	67.54
juego1	easy	40.0	0.008	21687	700	290	334	44	0	68.2	68.2	68.2
juego1	easy	40.0	0.008	21696	700	290	332	42	0	68.78	68.78	68.78
juego1	easy	40.0	0.008	21703	700	291	332	41	0	69.06	69.06	69.06
juego1	easy	40.0	0.008	21712	700	291	330	39	0	69.6	69.6	69.6
juego1	easy	40.0	0.008	21721	700	292	329	37	0	70.18	70.18	70.18
juego1	easy	40.0	0.008	21729	700	292	328	36	0	70.46	70.46	70.46
juego1	easy	40.0	0.008	21738	700	293	326	33	0	71.09	71.09	71.09
juego1	easy	40.0	0.008	21747	700	293	324	31	0	71.8	71.8	71.8
juego1	easy	40.0	0.008	21756	700	294	322	28	0	72.61	72.61	72.61
juego1	easy	40.0	0.008	21766	700	294	320	26	0	73.49	73.49	73.49
juego1	easy	40.0	0.008	21773	700	295	319	24	0	73.96	73.96	73.96
juego1	easy	40.0	0.008	21781	700	295	316	21	0	74.8	74.8	74.8
juego1	easy	40.0	0.008	21789	700	296	316	20	0	74.8	74.8	74.8
juego1	easy	40.0	0.008	21798	700	296	315	19	0	75.47	75.47	75.47
juego1	easy	40.0	0.008	21807	700	297	312	15	0	76.45	76.45	76.45
juego1	easy	40.0	0.008	21816	700	297	310	13	0	77.1	77.1	77.1
juego1	easy	40.0	0.008	21825	700	298	309	11	0	77.68	77.68	77.68
juego1	easy	40.0	0.008	21833	700	298	308	10	0	77.95	77.95	77.95
juego1	easy	40.0	0.008	21842	700	299	307	8	0	78.48	78.48	78.48
juego1	easy	40.0	0.008	21851	700	300	305	5	0	79.07	79.07	79.07
juego1	easy	40.0	0.008	21860	700	300	303	3	0	79.7	79.7	79.7
juego1	easy	40.0	0.008	21869	700	300	302	2	0	80.05	80.05	80.05
juego1	easy	40.0	0.008	21877	700	300	301	1	0	80.74	80.74	80.74
juego1	easy	40.0	0.008	21885	700	301	300	-1	0	81.08	81.08	81.08
juego1	easy	40.0	0.008	21893	700	301	299	-2	0	81.71	81.71	81.71
juego1	easy	40.0	0.008	21901	700	302	298	-4	0	82.24	82.24	82.24
juego1	easy	40.0	0.008	21909	700	302	297	-5	0	82.49	82.49	82.49
juego1	easy	40.0	0.008	21918	700	303	296	-7	0	82.92	82.92	82.92
juego1	easy	40.0	0.008	21927	700	303	295	-8	0	83.32	83.32	83.32
juego1	easy	40.0	0.008	21935	700	304	294	-10	0	83.5	83.5	83.5
juego1	easy	40.0	0.008	21943	700	304	293	-11	0	83.89	83.89	83.89
juego1	easy	40.0	0.008	21951	700	305	292	-13	0	84.35	84.35	84.35
juego1	easy	40.0	0.008	21959	700	305	291	-14	0	84.61	84.61	84.61
juego1	easy	40.0	0.008	21968	700	306	290	-16	0	85.21	85.21	85.21
juego1	easy	40.0	0.008	21977	700	306	289	-17	0	85.58	85.58	85.58
juego1	easy	40.0	0.008	21986	700	307	287	-20	0	86.25	86.25	86.25
juego1	easy	40.0	0.008	21996	700	307	284	-23	0	87.5	87.5	87.5
juego1	easy	40.0	0.008	22004	700	308	283	-25	0	87.85	87.85	87.85
juego1	easy	40.0	0.008	22013	700	308	281	-27	0	88.54	88.54	88.54
juego1	easy	40.0	0.008	22022	700	309	279	-30	0	89.2	89.2	89.2
juego1	easy	40.0	0.008	22031	700	309	277	-32	0	89.92	89.92	89.92
juego1	easy	40.0	0.008	22038	700	310	276	-34	0	90.31	90.31	90.31
juego1	easy	40.0	0.008	22046	700	310	274	-36	0	91.22	91.22	91.22
juego1	easy	40.0	0.008	22055	700	311	272	-39	0	91.75	91.75	91.75
juego1	easy	40.0	0.008	22062	700	311	269	-42	0	92.91	92.91	92.91
juego1	easy	40.0	0.008	22071	700	312	266	-46	0	94.22	94.22	94.22
juego1	easy	40.0	0.008	22080	700	312	262	-50	0	95.56	95.56	95.56
juego1	easy	40.0	0.008	22089	700	313	260	-53	0	96.21	96.21	96.21
juego1	easy	40.0	0.008	22098	700	313	258	-55	0	97.07	97.07	97.07
juego1	easy	40.0	0.008	22106	700	313	256	-57	0	98.05	98.05	98.05
juego1	easy	40.0	0.008	22114	700	314	252	-62	0	99.3	99.3	99.3
juego1	easy	40.0	0.008	22123	700	314	249	-65	0	100.45	100.45	100.45
juego1	easy	40.0	0.008	22131	700	315	246	-69	0	101.57	101.57	101.57
juego1	easy	40.0	0.008	22139	700	315	245	-70	0	102.11	102.11	102.11
juego1	easy	40.0	0.008	22148	700	316	242	-74	0	103.27	103.27	103.27
juego1	easy	40.0	0.008	22157	700	316	239	-77	0	104.45	104.45	104.45
juego1	easy	40.0	0.008	22166	700	317	237	-80	0	105.08	105.08	105.08
juego1	easy	40.0	0.008	22175	700	317	235	-82	0	105.64	105.64	105.64
juego1	easy	40.0	0.008	22184	700	318	231	-87	0	107.24	107.24	107.24
juego1	easy	40.0	0.008	22191	700	318	226	-92	0	109.25	109.25	109.25
juego1	easy	40.0	0.008	22200	700	319	223	-96	0	110.35	110.35	110.35
juego1	easy	40.0	0.008	22208	700	319	218	-101	0	112.25	112.25	112.25
juego1	easy	40.0	0.008	22217	700	319	214	-105	0	113.5	113.5	113.5
juego1	easy	40.0	0.008	22225	700	320	213	-107	0	113.96	113.96	113.96
juego1	easy	40.0	0.008	22234	700	320	211	-109	0	114.79	114.79	114.79
juego1	easy	40.0	0.008	22243	700	321	209	-112	0	115.48	115.48	115.48
juego1	easy	40.0	0.008	22251	700	321	208	-113	0	116.0	116.0	116.0
juego1	easy	40.0	0.008	22260	700	322	207	-115	0	116.31	116.31	116.31
juego1	easy	40.0	0.008	22269	700	322	205	-117	0	117.19	117.19	117.19
juego1	easy	40.0	0.008	22278	700	323	201	-122	0	118.43	118.43	118.43
juego1	easy	40.0	0.008	22286	700	323	199	-124	0	119.2	119.2	119.2
juego1	easy	40.0	0.008	22295	700	323	195	-128	0	120.95	120.95	120.95
juego1	easy	40.0	0.008	22302	700	324	190	-134	0	122.59	122.59	122.59
juego1	easy	40.0	0.008	22311	700	324	186	-138	0	124.16	124.16	124.16
juego1	easy	40.0	0.008	22320	700	325	184	-141	0	124.91	124.91	124.91
juego1	easy	40.0	0.008	22329	700	325	180	-145	0	126.42	126.42	126.42
juego1	easy	40.0	0.008	22338	700	325	176	-149	0	127.82	127.82	127.82
juego1	easy	40.0	0.008	22345	700	326	175	-151	0	128.47	128.47	128.47
juego1	easy	40.0	0.008	22354	700	326	171	-155	0	129.68	129.68	129.68
juego1	easy	40.0	0.008	22363	700	327	170	-157	0	130.37	130.37	130.37
juego1	easy	40.0	0.008	22370	700	327	168	-159	0	131.04	131.04	131.04
juego1	easy	40.0	0.008	22379	700	327	166	-161	0	131.9	131.9	131.9
juego1	easy	40.0	0.008	22387	700	328	164	-164	0	132.61	132.61	132.61
juego1	easy	40.0	0.008	22395	700	328	163	-165	0	132.9	132.9	132.9
juego1	easy	40.0	0.008	22404	700	329	162	-167	0	133.38	133.38	133.38
juego1	easy	40.0	0.008	22413	700	329	161	-168	0	133.72	133.72	133.72
juego1	easy	40.0	0.008	22420	700	329	160	-169	0	133.86	133.86	133.86
juego1	easy	40.0	0.008	22429	700	330	160	-170	0	134.09	134.09	134.09
juego1	easy	40.0	0.008	22436	700	330	159	-171	0	134.31	134.31	134.31
juego1	easy	40.0	0.008	22444	700	331	159	-172	0	134.36	134.36	134.36
juego1	easy	40.0	0.008	22453	700	331	159	-172	0	134.52	134.52	134.52
juego1	easy	40.0	0.008	22460	700	331	158	-173	0	134.68	134.68	134.68
juego1	easy	40.0	0.008	22469	700	332	157	-175	0	135.05	135.05	135.05
juego1	easy	40.0	0.008	22478	700	332	156	-176	0	135.45	135.45	135.45
juego1	easy	40.0	0.008	22485	700	332	156	-176	0	135.62	135.62	135.62
juego1	easy	40.0	0.008	22493	700	333	155	-178	0	135.9	135.9	135.9
juego1	easy	40.0	0.008	22502	700	333	154	-179	0	136.07	136.07	136.07
juego1	easy	40.0	0.008	22509	700	333	154	-179	0	136.11	136.11	136.11
juego1	easy	40.0	0.008	22518	700	334	154	-180	0	136.08	136.08	136.08
juego1	easy	40.0	0.008	22527	700	334	155	-179	0	135.97	135.97	135.97
juego1	easy	40.0	0.008	22536	700	334	155	-179	0	135.89	135.89	135.89
juego1	easy	40.0	0.008	22544	700	335	155	-180	0	135.72	135.72	135.72
juego1	easy	40.0	0.008	22553	700	335	156	-179	0	135.61	135.61	135.61
juego1	easy	40.0	0.008	22560	700	335	156	-179	0	135.59	135.59	135.59
juego1	easy	40.0	0.008	22569	700	336	156	-180	0	135.6	135.6	135.6
juego1	easy	40.0	0.008	22578	700	336	156	-180	0	135.65	135.65	135.65
juego1	easy	40.0	0.008	22586	700	336	155	-181	0	135.68	135.68	135.68
juego1	easy	40.0	0.008	22594	700	337	155	-182	0	135.73	135.73	135.73
juego1	easy	40.0	0.008	22603	700	337	155	-182	0	135.71	135.71	135.71
juego1	easy	40.0	0.008	22612	700	337	156	-181	0	135.64	135.64	135.64
juego1	easy	40.0	0.008	22621	700	338	156	-182	0	135.59	135.59	135.59
juego1	easy	40.0	0.008	22630	700	338	156	-182	0	135.46	135.46	135.46
juego1	easy	40.0	0.008	22637	700	338	156	-182	0	135.3	135.3	135.3
juego1	easy	40.0	0.008	22645	700	339	157	-182	0	135.23	135.23	135.23
juego1	easy	40.0	0.008	22654	700	339	157	-182	0	135.12	135.12	135.12
juego1	easy	40.0	0.008	22662	700	339	157	-182	0	135.08	135.08	135.08
juego1	easy	40.0	0.008	22671	700	339	157	-182	0	135.08	135.08	135.08
juego1	easy	40.0	0.008	22680	700	340	157	-183	0	135.08	135.08	135.08
juego1	easy	40.0	0.008	22689	700	340	157	-183	0	135.1	135.1	135.1
juego1	easy	40.0	0.008	22698	700	340	157	-183	0	135.13	135.13	135.13
juego1	easy	40.0	0.008	22706	700	340	157	-183	0	135.12	135.12	135.12
juego1	easy	40.0	0.008	22715	700	341	157	-184	0	135.07	135.07	135.07
juego1	easy	40.0	0.008	22724	700	341	157	-184	0	134.99	134.99	134.99
juego1	easy	40.0	0.008	22732	700	341	158	-183	0	134.85	134.85	134.85
juego1	easy	40.0	0.008	22740	700	341	158	-183	0	134.77	134.77	134.77
juego1	easy	40.0	0.008	22749	700	342	158	-184	0	134.58	134.58	134.58
juego1	easy	40.0	0.008	22757	700	342	159	-183	0	134.33	134.33	134.33
juego1	easy	40.0	0.008	22766	700	342	159	-183	0	134.18	134.18	134.18
juego1	easy	40.0	0.008	22774	700	342	161	-181	0	133.74	133.74	133.74
juego1	easy	40.0	0.008	22783	700	343	162	-181	0	133.13	133.13	133.13
juego1	easy	40.0	0.008	22792	700	343	163	-180	0	132.76	132.76	132.76
juego1	easy	40.0	0.008	22800	700	343	166	-177	0	131.74	131.74	131.74
juego1	easy	40.0	0.008	22809	700	343	170	-173	0	130.29	130.29	130.29
juego1	easy	40.0	0.008	22817	700	344	175	-169	0	128.33	128.33	128.33
juego1	easy	40.0	0.008	22826	700	344	178	-166	0	127.21	127.21	127.21
juego1	easy	40.0	0.008	22835	700	344	185	-159	0	124.68	124.68	124.68
juego1	easy	40.0	0.008	22843	700	344	192	-152	0	122.07	122.07	122.07
juego1	easy	40.0	0.008	22851	700	344	192	-152	0	122.07	122.07	122.07
juego1	easy	40.0	0.008	22861	700	345	201	-144	0	118.7	118.7	118.7
juego1	easy	40.0	0.008	22869	700	345	205	-140	0	117.11	117.11	117.11
juego1	easy	40.0	0.008	22878	700	345	208	-137	0	115.98	115.98	115.98
juego1	easy	40.0	0.008	22886	700	345	209	-136	0	115.48	115.48	115.48
juego1	easy	40.0	0.008	22895	700	345	212	-133	0	114.53	114.53	114.53
juego1	easy	40.0	0.008	22904	700	346	215	-131	0	113.38	113.38	113.38
juego1	easy	40.0	0.008	22913	700	346	219	-127	0	111.8	111.8	111.8
juego1	easy	40.0	0.008	22921	700	346	222	-124	0	110.81	110.81	110.81
juego1	easy	40.0	0.008	22929	700	346	225	-121	0	109.64	109.64	109.64
juego1	easy	40.0	0.008	22938	700	346	231	-115	0	107.12	107.12	107.12
juego1	easy	40.0	0.008	22947	700	346	239	-107	0	104.42	104.42	104.42
juego1	easy	40.0	0.008	22954	700	347	246	-101	0	101.74	101.74	101.74
juego1	easy	40.0	0.008	22963	700	347	252	-95	0	99.33	99.33	99.33
juego1	easy	40.0	0.008	22971	700	347	255	-92	0	98.29	98.29	98.29
juego1	easy	40.0	0.008	22980	700	347	260	-87	0	96.42	96.42	96.42
juego1	easy	40.0	0.008	22987	700	347	262	-85	0	95.59	95.59	95.59
juego1	easy	40.0	0.008	22996	700	347	266	-81	0	94.09	94.09	94.09
juego1	easy	40.0	0.008	23005	700	347	270	-77	0	92.71	92.71	92.71
juego1	easy	40.0	0.008	23012	700	348	272	-76	0	92.0	92.0	92.0
juego1	easy	40.0	0.008	23021	700	348	274	-74	0	91.22	91.22	91.22
juego1	easy	40.0	0.008	23029	700	348	277	-71	0	89.86	89.86	89.86
juego1	easy	40.0	0.008	23037	700	348	283	-65	0	87.73	87.73	87.73
juego1	easy	40.0	0.008	23046	700	348	288	-60	0	85.99	85.99	85.99
juego1	easy	40.0	0.008	23055	700	348	292	-56	0	84.18	84.18	84.18
juego1	easy	40.0	0.008	23063	700	348	297	-51	0	82.49	82.49	82.49
juego1	easy	40.0	0.008	23072	700	348	299	-49	0	81.75	81.75	81.75
juego1	easy	40.0	0.008	23081	700	348	300	-48	0	81.06	81.06	81.06
juego1	easy	40.0	0.008	23090	700	348	304	-44	0	79.54	79.54	79.54
juego1	easy	40.0	0.008	23097	700	349	305	-44	0	79.18	79.18	79.18
juego1	easy	40.0	0.008	23106	700	349	307	-42	0	78.45	78.45	78.45
juego1	easy	40.0	0.008	23116	700	349	309	-40	0	77.63	77.63	77.63
juego1	easy	40.0	0.008	23124	700	349	312	-37	0	76.51	76.51	76.51
juego1	easy	40.0	0.008	23133	700	349	316	-33	0	75.11	75.11	75.11
juego1	easy	40.0	0.008	23141	700	349	318	-31	0	74.31	74.31	74.31
juego1	easy	40.0	0.008	23150	700	349	322	-27	0	72.68	72.68	72.68
juego1	easy	40.0	0.008	23159	700	349	325	-24	0	71.55	71.55	71.55
juego1	easy	40.0	0.008	23167	700	349	329	-20	0	70.22	70.22	70.22
juego1	easy	40.0	0.008	23176	700	349	333	-16	0	68.6	68.6	68.6
juego1	easy	40.0	0.008	23185	700	349	337	-12	0	67.1	67.1	67.1
juego1	easy	40.0	0.008	23194	700	349	341	-8	0	65.67	65.67	65.67
juego1	easy	40.0	0.008	23203	700	349	342	-7	0	65.0	65.0	65.0
juego1	easy	40.0	0.008	23213	700	349	346	-3	0	63.67	63.67	63.67
juego1	easy	40.0	0.008	23220	700	349	350	1	0	62.31	62.31	62.31
juego1	easy	40.0	0.008	23229	700	349	352	3	0	61.6	61.6	61.6
juego1	easy	40.0	0.008	23238	700	349	354	5	0	60.86	60.86	60.86
juego1	easy	40.0	0.008	23245	700	349	360	11	0	58.53	58.53	58.53
juego1	easy	40.0	0.008	23254	700	349	364	15	0	57.02	57.02	57.02
juego1	easy	40.0	0.008	23262	700	349	366	17	0	56.31	56.31	56.31
juego1	easy	40.0	0.008	23271	700	349	369	20	0	55.04	55.04	55.04
juego1	easy	40.0	0.008	23279	700	349	372	23	0	53.82	53.82	53.82
juego1	easy	40.0	0.008	23287	700	349	374	25	0	53.23	53.23	53.23
juego1	easy	40.0	0.008	23296	700	349	377	28	0	52.13	52.13	52.13
juego1	easy	40.0	0.008	23304	700	349	379	30	0	51.14	51.14	51.14
juego1	easy	40.0	0.008	23313	700	349	381	32	0	50.71	50.71	50.71
juego1	easy	40.0	0.008	23322	700	349	383	34	0	49.89	49.89	49.89
juego1	easy	40.0	0.008	23330	700	349	384	35	0	49.51	49.51	49.51
juego1	easy	40.0	0.008	23338	700	349	386	37	0	48.78	48.78	48.78
juego1	easy	40.0	0.008	23346	700	349	386	37	0	48.78	48.78	48.78
juego1	easy	40.0	0.008	23354	700	349	388	39	0	47.76	47.76	47.76
juego1	easy	40.0	0.008	23363	700	349	390	41	0	47.02	47.02	47.02
juego1	easy	40.0	0.008	23372	700	349	392	43	0	46.25	46.25	46.25
juego1	easy	40.0	0.008	23381	700	349	394	45	0	45.48	45.48	45.48
juego1	easy	40.0	0.008	23390	700	349	396	47	0	44.74	44.74	44.74
juego1	easy	40.0	0.008	23398	700	349	397	48	0	44.36	44.36	44.36
juego1	easy	40.0	0.008	23407	700	349	399	50	0	43.64	43.64	43.64
juego1	easy	40.0	0.008	23415	700	349	401	52	0	42.94	42.94	42.94
juego1	easy	40.0	0.008	23424	700	349	403	54	0	42.29	42.29	42.29
juego1	easy	40.0	0.008	23433	700	348	404	56	0	41.98	41.98	41.98
juego1	easy	40.0	0.008	23441	700	348	405	57	0	41.4	41.4	41.4
juego1	easy	40.0	0.008	23450	700	348	407	59	0	40.82	40.82	40.82
juego1	easy	40.0	0.008	23459	700	348	408	60	0	40.21	40.21	40.21
juego1	easy	40.0	0.008	23468	700	348	409	61	0	39.89	39.89	39.89
juego1	easy	40.0	0.008	23477	700	348	411	63	0	39.27	39.27	39.27
juego1	easy	40.0	0.008	23485	700	348	412	64	0	38.76	38.76	38.76
juego1	easy	40.0	0.008	23493	700	348	413	65	0	38.53	38.53	38.53
juego1	easy	40.0	0.008	23502	700	348	414	66	0	38.27	38.27	38.27
juego1	easy	40.0	0.008	23510	700	348	415	67	0	37.76	37.76	37.76
juego1	easy	40.0	0.008	23519	700	347	416	69	0	37.36	37.36	37.36
juego1	easy	40.0	0.008	23528	700	347	417	70	0	37.15	37.15	37.15
juego1	easy	40.0	0.008	23536	700	347	418	71	0	36.67	36.67	36.67
juego1	easy	40.0	0.008	23545	700	347	419	72	0	36.16	36.16	36.16
juego1	easy	40.0	0.008	23554	700	347	420	73	0	35.69	35.69	35.69
juego1	easy	40.0	0.008	23562	700	347	421	74	0	35.48	35.48	35.48
juego1	easy	40.0	0.008	23571	700	347	422	75	0	35.1	35.1	35.1
juego1	easy	40.0	0.008	23580	700	346	423	77	0	34.77	34.77	34.77
juego1	easy	40.0	0.008	23587	700	346	423	77	0	34.62	34.62	34.62
juego1	easy	40.0	0.008	23596	700	346	424	78	0	34.32	34.32	34.32
juego1	easy	40.0	0.008	23605	700	346	425	79	0	34.06	34.06	34.06
juego1	easy	40.0	0.008	23614	700	346	425	79	0	33.84	33.84	33.84
juego1	easy	40.0	0.008	23621	700	346	426	80	0	33.74	33.74	33.74
juego1	easy	40.0	0.008	23630	700	345	426	81	0	33.56	33.56	33.56
juego1	easy	40.0	0.008	23638	700	345	426	81	0	33.51	33.51	33.51
juego1	easy	40.0	0.008	23646	700	345	426	81	0	33.5	33.5	33.5
juego1	easy	40.0	0.008	23655	700	345	426	81	0	33.55	33.55	33.55
juego1	easy	40.0	0.008	23663	700	345	426	81	0	33.58	33.58	33.58
juego1	easy	40.0	0.008	23672	700	344	426	82	0	33.61	33.61	33.61
juego1	easy	40.0	0.008	23681	700	344	426	82	0	33.57	33.57	33.57
juego1	easy	40.0	0.008	23690	700	344	426	82	0	33.5	33.5	33.5
juego1	easy	40.0	0.008	23699	700	344	427	83	0	33.4	33.4	33.4
juego1	easy	40.0	0.008	23708	700	344	427	83	0	33.34	33.34	33.34
juego1	easy	40.0	0.008	23715	700	343	427	84	0	33.25	33.25	33.25
juego1	easy	40.0	0.008	23724	700	343	427	84	0	33.22	33.22	33.22
juego1	easy	40.0	0.008	23731	700	343	427	84	0	33.21	33.21	33.21
juego1	easy	40.0	0.008	23740	700	343	427	84	0	33.28	33.28	33.28
juego1	easy	40.0	0.008	23749	700	342	427	85	0	33.36	33.36	33.36
juego1	easy	40.0	0.008	23756	700	342	426	84	0	33.62	33.62	33.62
juego1	easy	40.0	0.008	23765	700	342	425	83	0	34.04	34.04	34.04
juego1	easy	40.0	0.008	23773	700	342	424	82	0	34.32	34.32	34.32
juego1	easy	40.0	0.008	23782	700	342	422	80	0	34.98	34.98	34.98
juego1	easy	40.0	0.008	23790	700	341	420	79	0	35.79	35.79	35.79
juego1	easy	40.0	0.008	23798	700	341	419	78	0	36.25	36.25	36.25
juego1	easy	40.0	0.008	23807	700	341	416	75	0	37.37	37.37	37.37
juego1	easy	40.0	0.008	23816	700	340	412	72	0	38.82	38.82	38.82
juego1	easy	40.0	0.008	23825	700	340	407	67	0	40.72	40.72	40.72
juego1	easy	40.0	0.008	23834	700	340	404	64	0	41.78	41.78	41.78
juego1	easy	40.0	0.008	23843	700	340	398	58	0	44.11	44.11	44.11
juego1	easy	40.0	0.008	23852	700	339	395	56	0	45.27	45.27	45.27
juego1	easy	40.0	0.008	23861	700	339	386	47	0	48.77	48.77	48.77
juego1	easy	40.0	0.008	23868	700	339	382	43	0	50.0	50.0	50.0
juego1	easy	40.0	0.008	23877	700	339	376	37	0	52.48	52.48	52.48
juego1	easy	40.0	0.008	23886	700	338	369	31	0	55.14	55.14	55.14
juego1	easy	40.0	0.008	23892	700	338	365	27	0	56.5	56.5	56.5
juego1	easy	40.0	0.008	23901	700	338	361	23	0	57.95	57.95	57.95
juego1	easy	40.0	0.008	23910	700	337	353	16	0	60.9	60.9	60.9
juego1	easy	40.0	0.008	23918	700	337	345	8	0	63.9	63.9	63.9
juego1	easy	40.0	0.008	23926	700	337	338	1	0	66.81	66.81	66.81
juego1	easy	40.0	0.008	23935	700	336	334	-2	0	68.13	68.13	68.13
juego1	easy	40.0	0.008	23943	700	336	330	-6	0	69.51	69.51	69.51
juego1	easy	40.0	0.008	23951	700	336	326	-10	0	71.27	71.27	71.27
juego1	easy	40.0	0.008	23958	700	335	321	-14	0	73.25	73.25	73.25
juego1	easy	40.0	0.008	23967	700	335	316	-19	0	74.95	74.95	74.95
juego1	easy	40.0	0.008	23976	700	335	312	-23	0	76.62	76.62	76.62
juego1	easy	40.0	0.008	23984	700	334	309	-25	0	77.44	77.44	77.44
juego1	easy	40.0	0.008	23993	700	334	305	-29	0	79.11	79.11	79.11
juego1	easy	40.0	0.008	24001	700	334	301	-33	0	80.72	80.72	80.72
juego1	easy	40.0	0.008	24009	700	333	300	-33	0	81.47	81.47	81.47
juego1	easy	40.0	0.008	24018	700	333	296	-37	0	82.9	82.9	82.9
juego1	easy	40.0	0.008	24027	700	333	294	-39	0	83.56	83.56	83.56
juego1	easy	40.0	0.008	24035	700	332	289	-43	0	85.33	85.33	85.33
juego1	easy	40.0	0.008	24043	700	332	288	-44	0	85.83	85.83	85.83
juego1	easy	40.0	0.008	24052	700	332	286	-46	0	86.68	86.68	86.68
juego1	easy	40.0	0.008	24060	700	331	284	-47	0	87.41	87.41	87.41
juego1	easy	40.0	0.008	24068	700	331	283	-48	0	87.73	87.73	87.73
juego1	easy	40.0	0.008	24076	700	331	281	-50	0	88.32	88.32	88.32
juego1	easy	40.0	0.008	24085	700	330	280	-50	0	88.81	88.81	88.81
juego1	easy	40.0	0.008	24094	700	330	280	-50	0	89.0	89.0	89.0
juego1	easy	40.0	0.008	24103	700	329	279	-50	0	89.28	89.28	89.28
juego1	easy	40.0	0.008	24112	700	329	279	-50	0	89.41	89.41	89.41
juego1	easy	40.0	0.008	24120	700	329	278	-51	0	89.48	89.48	89.48
juego1	easy	40.0	0.008	24129	700	328	278	-50	0	89.49	89.49	89.49
juego1	easy	40.0	0.008	24138	700	328	278	-50	0	89.53	89.53	89.53
juego1	easy	40.0	0.008	24147	700	328	278	-50	0	89.63	89.63	89.63
juego1	easy	40.0	0.008	24157	700	327	277	-50	0	89.84	89.84	89.84
juego1	easy	40.0	0.008	24164	700	327	277	-50	0	89.99	89.99	89.99
juego1	easy	40.0	0.008	24173	700	326	276	-50	0	90.36	90.36	90.36
juego1	easy	40.0	0.008	24181	700	326	275	-51	0	90.82	90.82	90.82
juego1	easy	40.0	0.008	24189	700	325	274	-51	0	91.04	91.04	91.04
juego1	easy	40.0	0.008	24198	700	325	274	-51	0	91.04	91.04	91.04
juego1	easy	40.0	0.008	24206	700	325	273	-52	0	91.51	91.51	91.51
juego1	easy	40.0	0.008	24214	700	324	273	-51	0	91.59	91.59	91.59
juego1	easy	40.0	0.008	24223	700	324	273	-51	0	91.51	91.51	91.51
juego1	easy	40.0	0.008	24232	700	323	273	-50	0	91.38	91.38	91.38
juego1	easy	40.0	0.008	24242	700	323	274	-49	0	91.2	91.2	91.2
juego1	easy	40.0	0.008	24249	700	323	274	-49	0	91.1	91.1	91.1
juego1	easy	40.0	0.008	24257	700	322	275	-47	0	90.89	90.89	90.89
juego1	easy	40.0	0.008	24267	700	322	275	-47	0	90.62	90.62	90.62
juego1	easy	40.0	0.008	24277	700	321	276	-45	0	90.25	90.25	90.25
juego1	easy	40.0	0.008	24283	700	321	277	-44	0	90.02	90.02	90.02
juego1	easy	40.0	0.008	24292	700	320	278	-42	0	89.52	89.52	89.52
juego1	easy	40.0	0.008	24302	700	320	280	-40	0	89.01	89.01	89.01
juego1	easy	40.0	0.008	24309	700	320	280	-40	0	88.75	88.75	88.75
juego1	easy	40.0	0.008	24318	700	319	282	-37	0	88.22	88.22	88.22
juego1	easy	40.0	0.008	24327	700	319	283	-36	0	87.61	87.61	87.61
juego1	easy	40.0	0.008	24336	700	318	285	-33	0	86.85	86.85	86.85
juego1	easy	40.0	0.008	24345	700	318	286	-32	0	86.44	86.44	86.44
juego1	easy	40.0	0.008	24354	700	317	289	-28	0	85.58	85.58	85.58
juego1	easy	40.0	0.008	24362	700	317	291	-26	0	84.83	84.83	84.83
juego1	easy	40.0	0.008	24371	700	316	292	-24	0	84.26	84.26	84.26
juego1	easy	40.0	0.008	24379	700	316	293	-23	0	84.07	84.07	84.07
juego1	easy	40.0	0.008	24388	700	315	293	-22	0	83.86	83.86	83.86
juego1	easy	40.0	0.008	24397	700	315	294	-21	0	83.75	83.75	83.75
juego1	easy	40.0	0.008	24406	700	314	294	-20	0	83.76	83.76	83.76
juego1	easy	40.0	0.008	24415	700	314	293	-21	0	83.8	83.8	83.8
juego1	easy	40.0	0.008	24424	700	314	293	-21	0	83.9	83.9	83.9
juego1	easy	40.0	0.008	24433	700	313	293	-20	0	83.99	83.99	83.99
juego1	easy	40.0	0.008	24442	700	313	293	-20	0	83.99	83.99	83.99
juego1	easy	40.0	0.008	24450	700	312	293	-19	0	83.96	83.96	83.96
juego1	easy	40.0	0.008	24459	700	312	293	-19	0	83.89	83.89	83.89
juego1	easy	40.0	0.008	24468	700	311	293	-18	0	83.82	83.82	83.82
juego1	easy	40.0	0.008	24475	700	311	293	-18	0	83.83	83.83	83.83
juego1	easy	40.0	0.008	24484	700	310	293	-17	0	83.91	83.91	83.91
juego1	easy	40.0	0.008	24492	700	310	293	-17	0	84.1	84.1	84.1
juego1	easy	40.0	0.008	24501	700	309	292	-17	0	84.38	84.38	84.38
juego1	easy	40.0	0.008	24510	700	309	292	-17	0	84.54	84.54	84.54
juego1	easy	40.0	0.008	24519	700	308	291	-17	0	84.87	84.87	84.87
juego1	easy	40.0	0.008	24526	700	308	290	-18	0	85.18	85.18	85.18
juego1	easy	40.0	0.008	24535	700	307	289	-18	0	85.31	85.31	85.31
juego1	easy	40.0	0.008	24544	700	307	289	-18	0	85.46	85.46	85.46
juego1	easy	40.0	0.008	24552	700	306	289	-17	0	85.5	85.5	85.5
juego1	easy	40.0	0.008	24561	700	306	289	-17	0	85.51	85.51	85.51
juego1	easy	40.0	0.008	24569	700	305	289	-16	0	85.53	85.53	85.53
juego1	easy	40.0	0.008	24578	700	305	289	-16	0	85.61	85.61	85.61
juego1	easy	40.0	0.008	24587	700	304	288	-16	0	85.83	85.83	85.83
juego1	easy	40.0	0.008	24596	700	304	288	-16	0	86.01	86.01	86.01
juego1	easy	40.0	0.008	24605	700	303	286	-17	0	86.5	86.5	86.5
juego1	easy	40.0	0.008	24613	700	303	285	-18	0	87.1	87.1	87.1
juego1	easy	40.0	0.008	24621	700	302	284	-18	0	87.38	87.38	87.38
juego1	easy	40.0	0.008	24629	700	302	283	-19	0	87.87	87.87	87.87
juego1	easy	40.0	0.008	24638	700	301	282	-19	0	88.23	88.23	88.23
juego1	easy	40.0	0.008	24647	700	301	281	-20	0	88.51	88.51	88.51
juego1	easy	40.0	0.008	24655	700	300	281	-19	0	88.66	88.66	88.66
juego1	easy	40.0	0.008	24664	700	300	280	-20	0	88.87	88.87	88.87
juego1	easy	40.0	0.008	24672	700	300	279	-21	0	89.24	89.24	89.24
juego1	easy	40.0	0.008	24680	700	300	278	-22	0	89.76	89.76	89.76
juego1	easy	40.0	0.008	24688	700	299	276	-23	0	90.32	90.32	90.32
juego1	easy	40.0	0.008	24696	700	299	275	-24	0	90.59	90.59	90.59
juego1	easy	40.0	0.008	24705	700	298	274	-24	0	91.08	91.08	91.08
juego1	easy	40.0	0.008	24712	700	298	273	-25	0	91.46	91.46	91.46
juego1	easy	40.0	0.008	24720	700	297	273	-24	0	91.61	91.61	91.61
juego1	easy	40.0	0.008	24728	700	296	272	-24	0	91.84	91.84	91.84
juego1	easy	40.0	0.008	24736	700	296	272	-24	0	91.94	91.94	91.94
juego1	easy	40.0	0.008	24745	700	295	271	-24	0	92.12	92.12	92.12
juego1	easy	40.0	0.008	24752	700	295	271	-24	0	92.36	92.36	92.36
juego1	easy	40.0	0.008	24761	700	294	270	-24	0	92.51	92.51	92.51
juego1	easy	40.0	0.008	24770	700	294	269	-25	0	92.88	92.88	92.88
juego1	easy	40.0	0.008	24779	700	293	268	-25	0	93.38	93.38	93.38
juego1	easy	40.0	0.008	24788	700	293	266	-27	0	93.98	93.98	93.98
juego1	easy	40.0	0.008	24798	700	292	265	-27	0	94.56	94.56	94.56
juego1	easy	40.0	0.008	24805	700	292	264	-28	0	94.82	94.82	94.82
juego1	easy	40.0	0.008	24814	700	291	263	-28	0	95.3	95.3	95.3
juego1	easy	40.0	0.008	24823	700	291	262	-29	0	95.71	95.71	95.71
juego1	easy	40.0	0.008	24832	700	290	261	-29	0	95.99	95.99	95.99
juego1	easy	40.0	0.008	24841	700	290	261	-29	0	96.12	96.12	96.12
juego1	easy	40.0	0.008	24850	700	289	260	-29	0	96.34	96.34	96.34
juego1	easy	40.0	0.008	24859	700	289	260	-29	0	96.53	96.53	96.53
juego1	easy	40.0	0.008	24868	700	288	259	-29	0	96.71	96.71	96.71
juego1	easy	40.0	0.008	24876	700	287	259	-28	0	96.79	96.79	96.79
juego1	easy	40.0	0.008	24885	700	287	258	-29	0	96.96	96.96	96.96
juego1	easy	40.0	0.008	24894	700	286	258	-28	0	97.2	97.2	97.2
juego1	easy	40.0	0.008	24903	700	286	257	-29	0	97.51	97.51	97.51
juego1	easy	40.0	0.008	24912	700	285	256	-29	0	97.7	97.7	97.7
juego1	easy	40.0	0.008	24920	700	285	255	-30	0	98.11	98.11	98.11
juego1	easy	40.0	0.008	24929	700	284	254	-30	0	98.54	98.54	98.54
juego1	easy	40.0	0.008	24936	700	284	254	-30	1	98.76	98.76	98.76
juego1	easy	40.0	0.008	24945	700	283	253	-30	1	99.15	99.15	99.15
juego1	easy	40.0	0.008	24953	700	283	252	-31	1	99.45	99.45	99.45
juego1	easy	40.0	0.008	24962	700	283	252	-31	1	99.56	99.56	99.56
juego1	easy	40.0	0.008	24970	700	282	251	-31	1	99.68	99.68	99.68
juego1	easy	40.0	0.008	24979	700	282	251	-31	1	99.68	99.68	99.68
juego1	easy	40.0	0.008	24987	700	281	251	-30	1	99.66	99.66	99.66
juego1	easy	40.0	0.008	24996	700	281	251	-30	1	99.6	99.6	99.6
juego1	easy	40.0	0.008	25005	700	281	252	-29	1	99.55	99.55	99.55
juego1	easy	40.0	0.008	25014	700	280	252	-28	1	99.51	99.51	99.51
juego1	easy	40.0	0.008	25023	700	280	252	-28	1	99.54	99.54	99.54
juego1	easy	40.0	0.008	25030	700	279	251	-28	1	99.58	99.58	99.58
juego1	easy	40.0	0.008	25039	700	279	251	-28	1	99.74	99.74	99.74
juego1	easy	40.0	0.008	25047	700	278	251	-27	1	99.83	99.83	99.83
juego1	easy	40.0	0.008	25055	700	278	250	-28	1	100.03	100.03	100.03
juego1	easy	40.0	0.008	25064	700	278	250	-28	1	100.2	100.2	100.2
juego1	easy	40.0	0.008	25073	700	277	249	-28	1	100.33	100.33	100.33
juego1	easy	40.0	0.008	25082	700	277	249	-28	1	100.39	100.39	100.39
juego1	easy	40.0	0.008	25089	700	276	249	-27	1	100.47	100.47	100.47
juego1	easy	40.0	0.008	25097	700	276	249	-27	1	100.51	100.51	100.51
juego1	easy	40.0	0.008	25106	700	275	249	-26	1	100.57	100.57	100.57
juego1	easy	40.0	0.008	25115	700	275	249	-26	1	100.68	100.68	100.68
juego1	easy	40.0	0.008	25124	700	275	248	-27	1	100.82	100.82	100.82
juego1	easy	40.0	0.008	25133	700	274	248	-26	1	101.0	101.0	101.0
juego1	easy	40.0	0.008	25141	700	274	247	-27	1	101.09	101.09	101.09
juego1	easy	40.0	0.008	25149	700	273	247	-26	1	101.26	101.26	101.26
juego1	easy	40.0	0.008	25157	700	273	247	-26	1	101.33	101.33	101.33
juego1	easy	40.0	0.008	25166	700	273	247	-26	1	101.44	101.44	101.44
juego1	easy	40.0	0.008	25175	700	272	246	-26	1	101.5	101.5	101.5
juego1	easy	40.0	0.008	25183	700	272	246	-26	1	101.53	101.53	101.53
juego1	easy	40.0	0.008	25191	700	271	246	-25	1	101.55	101.55	101.55
juego1	easy	40.0	0.008	25200	700	271	246	-25	1	101.55	101.55	101.55
juego1	easy	40.0	0.008	25208	700	270	246	-24	1	101.55	101.55	101.55
juego1	easy	40.0	0.008	25217	700	270	246	-24	1	101.55	101.55	101.55
juego1	easy	40.0	0.008	25224	700	270	246	-24	1	101.54	101.54	101.54
juego1	easy	40.0	0.008	25262	700	269	246	-23	1	101.52	101.52	101.52
