game	difficulty	amplitude	velocity	time	xpos	y_computer	y_human	y_error	trial	x	y	z
juego3	easy	0.0	0.008	2	400	283	347	64	0	63.41	63.41	63.41
juego3	easy	0.0	0.008	7	400	283	347	64	0	63.41	63.41	63.41
juego3	easy	0.0	0.008	16	400	283	347	64	0	63.4	63.4	63.4
juego3	easy	0.0	0.008	25	400	283	347	64	0	63.4	63.4	63.4
juego3	easy	0.0	0.008	33	400	283	347	64	0	63.4	63.4	63.4
juego3	easy	0.0	0.008	42	400	283	347	64	0	63.42	63.42	63.42
juego3	easy	0.0	0.008	51	400	283	347	64	0	63.45	63.45	63.45
juego3	easy	0.0	0.008	60	400	283	347	64	0	63.46	63.46	63.46
juego3	easy	0.0	0.008	68	400	283	347	64	0	63.47	63.47	63.47
juego3	easy	0.0	0.008	76	400	283	347	64	0	63.49	63.49	63.49
juego3	easy	0.0	0.008	85	400	283	346	63	0	63.51	63.51	63.51
juego3	easy	0.0	0.008	94	400	283	346	63	0	63.52	63.52	63.52
juego3	easy	0.0	0.008	102	400	283	346	63	0	63.52	63.52	63.52
juego3	easy	0.0	0.008	110	400	283	346	63	0	63.53	63.53	63.53
juego3	easy	0.0	0.008	119	400	283	346	63	0	63.55	63.55	63.55
juego3	easy	0.0	0.008	128	400	283	346	63	0	63.57	63.57	63.57
juego3	easy	0.0	0.008	137	400	283	346	63	0	63.6	63.6	63.6
juego3	easy	0.0	0.008	144	400	283	346	63	0	63.62	63.62	63.62
juego3	easy	0.0	0.008	153	400	283	346	63	0	63.63	63.63	63.63
juego3	easy	0.0	0.008	162	400	283	346	63	0	63.64	63.64	63.64
juego3	easy	0.0	0.008	170	400	283	346	63	0	63.68	63.68	63.68
juego3	easy	0.0	0.008	179	400	283	346	63	0	63.7	63.7	63.7
juego3	easy	0.0	0.008	189	400	283	346	63	0	63.71	63.71	63.71
juego3	easy	0.0	0.008	197	400	283	346	63	0	63.71	63.71	63.71
juego3	easy	0.0	0.008	206	400	283	346	63	0	63.72	63.72	63.72
juego3	easy	0.0	0.008	215	400	283	346	63	0	63.73	63.73	63.73
juego3	easy	0.0	0.008	225	400	283	346	63	0	63.74	63.74	63.74
juego3	easy	0.0	0.008	233	400	283	346	63	0	63.75	63.75	63.75
juego3	easy	0.0	0.008	241	400	283	346	63	0	63.78	63.78	63.78
juego3	easy	0.0	0.008	251	400	283	346	63	0	63.8	63.8	63.8
juego3	easy	0.0	0.008	259	400	283	346	63	0	63.81	63.81	63.81
juego3	easy	0.0	0.008	268	400	283	346	63	0	63.82	63.82	63.82
juego3	easy	0.0	0.008	276	400	283	346	63	0	63.85	63.85	63.85
juego3	easy	0.0	0.008	284	400	283	345	62	0	63.88	63.88	63.88
juego3	easy	0.0	0.008	294	400	283	345	62	0	63.94	63.94	63.94
juego3	easy	0.0	0.008	302	400	283	345	62	0	63.97	63.97	63.97
juego3	easy	0.0	0.008	311	400	283	345	62	0	64.04	64.04	64.04
juego3	easy	0.0	0.008	320	400	283	345	62	0	64.14	64.14	64.14
juego3	easy	0.0	0.008	330	400	283	344	61	0	64.33	64.33	64.33
juego3	easy	0.0	0.008	338	400	283	344	61	0	64.48	64.48	64.48
juego3	easy	0.0	0.008	347	400	283	343	60	0	64.86	64.86	64.86
juego3	easy	0.0	0.008	356	400	283	341	58	0	65.39	65.39	65.39
juego3	easy	0.0	0.008	366	400	283	340	57	0	66.08	66.08	66.08
juego3	easy	0.0	0.008	374	400	283	337	54	0	66.99	66.99	66.99
juego3	easy	0.0	0.008	383	400	283	336	53	0	67.53	67.53	67.53
juego3	easy	0.0	0.008	392	400	283	332	49	0	68.82	68.82	68.82
juego3	easy	0.0	0.008	400	400	283	328	45	0	70.26	70.26	70.26
juego3	easy	0.0	0.008	409	400	283	325	42	0	71.76	71.76	71.76
juego3	easy	0.0	0.008	417	400	283	323	40	0	72.49	72.49	72.49
juego3	easy	0.0	0.008	426	400	283	319	36	0	73.86	73.86	73.86
juego3	easy	0.0	0.008	435	400	283	317	34	0	74.56	74.56	74.56
juego3	easy	0.0	0.008	445	400	283	312	29	0	76.63	76.63	76.63
juego3	easy	0.0	0.008	453	400	283	310	27	0	77.31	77.31	77.31
juego3	easy	0.0	0.008	462	400	283	306	23	0	78.69	78.69	78.69
juego3	easy	0.0	0.008	471	400	283	303	20	0	80.0	80.0	80.0
juego3	easy	0.0	0.008	479	400	283	301	18	0	80.59	80.59	80.59
juego3	easy	0.0	0.008	487	400	283	299	16	0	81.74	81.74	81.74
juego3	easy	0.0	0.008	497	400	283	296	13	0	82.71	82.71	82.71
juego3	easy	0.0	0.008	505	400	283	294	11	0	83.45	83.45	83.45
juego3	easy	0.0	0.008	514	400	283	293	10	0	84.06	84.06	84.06
juego3	easy	0.0	0.008	523	400	283	292	9	0	84.32	84.32	84.32
juego3	easy	0.0	0.008	532	400	283	291	8	0	84.69	84.69	84.69
juego3	easy	0.0	0.008	541	400	283	290	7	0	85.04	85.04	85.04
juego3	easy	0.0	0.008	551	400	283	289	6	0	85.67	85.67	85.67
juego3	easy	0.0	0.008	560	400	283	288	5	0	85.84	85.84	85.84
juego3	easy	0.0	0.008	568	400	283	287	4	0	86.06	86.06	86.06
juego3	easy	0.0	0.008	577	400	283	287	4	0	86.19	86.19	86.19
juego3	easy	0.0	0.008	585	400	283	287	4	0	86.28	86.28	86.28
juego3	easy	0.0	0.008	594	400	283	287	4	0	86.31	86.31	86.31
juego3	easy	0.0	0.008	602	400	283	287	4	0	86.33	86.33	86.33
juego3	easy	0.0	0.008	611	400	283	287	4	0	86.32	86.32	86.32
juego3	easy	0.0	0.008	620	400	283	287	4	0	86.26	86.26	86.26
juego3	easy	0.0	0.008	630	400	283	287	4	0	86.19	86.19	86.19
juego3	easy	0.0	0.008	638	400	283	287	4	0	86.16	86.16	86.16
juego3	easy	0.0	0.008	647	400	283	287	4	0	86.06	86.06	86.06
juego3	easy	0.0	0.008	657	400	283	288	5	0	85.96	85.96	85.96
juego3	easy	0.0	0.008	665	400	283	288	5	0	85.89	85.89	85.89
juego3	easy	0.0	0.008	674	400	283	288	5	0	85.89	85.89	85.89
juego3	easy	0.0	0.008	684	400	283	288	5	0	85.9	85.9	85.9
juego3	easy	0.0	0.008	692	400	283	288	5	0	85.93	85.93	85.93
juego3	easy	0.0	0.008	701	400	283	288	5	0	85.96	85.96	85.96
juego3	easy	0.0	0.008	710	400	283	288	5	0	85.96	85.96	85.96
juego3	easy	0.0	0.008	718	400	283	288	5	0	85.96	85.96	85.96
juego3	easy	0.0	0.008	727	400	283	288	5	0	85.95	85.95	85.95
juego3	easy	0.0	0.008	737	400	283	288	5	0	85.93	85.93	85.93
juego3	easy	0.0	0.008	746	400	283	288	5	0	85.91	85.91	85.91
juego3	easy	0.0	0.008	754	400	283	288	5	0	85.91	85.91	85.91
juego3	easy	0.0	0.008	762	400	283	288	5	0	85.9	85.9	85.9
juego3	easy	0.0	0.008	770	400	283	288	5	0	85.92	85.92	85.92
juego3	easy	0.0	0.008	780	400	283	288	5	0	85.94	85.94	85.94
juego3	easy	0.0	0.008	789	400	283	288	5	0	85.98	85.98	85.98
juego3	easy	0.0	0.008	797	400	283	288	5	0	86.0	86.0	86.0
juego3	easy	0.0	0.008	806	400	283	288	5	0	86.0	86.0	86.0
juego3	easy	0.0	0.008	815	400	283	288	5	0	85.98	85.98	85.98
juego3	easy	0.0	0.008	823	400	283	288	5	0	85.96	85.96	85.96
juego3	easy	0.0	0.008	832	400	283	288	5	0	85.91	85.91	85.91
juego3	easy	0.0	0.008	840	400	283	288	5	0	85.88	85.88	85.88
juego3	easy	0.0	0.008	848	400	283	288	5	0	85.84	85.84	85.84
juego3	easy	0.0	0.008	857	400	283	288	5	0	85.84	85.84	85.84
juego3	easy	0.0	0.008	866	400	283	288	5	0	85.91	85.91	85.91
juego3	easy	0.0	0.008	875	400	283	288	5	0	85.95	85.95	85.95
juego3	easy	0.0	0.008	884	400	283	287	4	0	86.07	86.07	86.07
juego3	easy	0.0	0.008	894	400	283	287	4	0	86.21	86.21	86.21
juego3	easy	0.0	0.008	902	400	283	287	4	0	86.34	86.34	86.34
juego3	easy	0.0	0.008	910	400	283	286	3	0	86.45	86.45	86.45
juego3	easy	0.0	0.008	919	400	283	286	3	0	86.49	86.49	86.49
juego3	easy	0.0	0.008	928	400	283	286	3	0	86.57	86.57	86.57
juego3	easy	0.0	0.008	937	400	283	286	3	0	86.63	86.63	86.63
juego3	easy	0.0	0.008	946	400	283	286	3	0	86.7	86.7	86.7
juego3	easy	0.0	0.008	953	400	283	286	3	0	86.73	86.73	86.73
juego3	easy	0.0	0.008	963	400	283	286	3	0	86.79	86.79	86.79
juego3	easy	0.0	0.008	971	400	283	285	2	0	86.84	86.84	86.84
juego3	easy	0.0	0.008	978	400	283	285	2	0	86.88	86.88	86.88
juego3	easy	0.0	0.008	987	400	283	285	2	0	86.96	86.96	86.96
juego3	easy	0.0	0.008	996	400	283	285	2	0	87.05	87.05	87.05
juego3	easy	0.0	0.008	1005	400	283	285	2	0	87.1	87.1	87.1
juego3	easy	0.0	0.008	1014	400	283	284	1	0	87.2	87.2	87.2
juego3	easy	0.0	0.008	1022	400	283	284	1	0	87.31	87.31	87.31
juego3	easy	0.0	0.008	1031	400	283	284	1	0	87.38	87.38	87.38
juego3	easy	0.0	0.008	1040	400	283	284	1	0	87.41	87.41	87.41
juego3	easy	0.0	0.008	1050	400	283	284	1	0	87.44	87.44	87.44
juego3	easy	0.0	0.008	1059	400	283	284	1	0	87.44	87.44	87.44
juego3	easy	0.0	0.008	1067	400	283	284	1	0	87.41	87.41	87.41
juego3	easy	0.0	0.008	1076	400	283	284	1	0	87.39	87.39	87.39
juego3	easy	0.0	0.008	1084	400	283	284	1	0	87.38	87.38	87.38
juego3	easy	0.0	0.008	1093	400	283	284	1	0	87.35	87.35	87.35
juego3	easy	0.0	0.008	1101	400	283	284	1	0	87.36	87.36	87.36
juego3	easy	0.0	0.008	1110	400	283	284	1	0	87.38	87.38	87.38
juego3	easy	0.0	0.008	1119	400	283	284	1	0	87.41	87.41	87.41
juego3	easy	0.0	0.008	1129	400	283	284	1	0	87.46	87.46	87.46
juego3	easy	0.0	0.008	1137	400	283	284	1	0	87.52	87.52	87.52
juego3	easy	0.0	0.008	1146	400	283	284	1	0	87.53	87.53	87.53
juego3	easy	0.0	0.008	1155	400	283	284	1	0	87.54	87.54	87.54
juego3	easy	0.0	0.008	1164	400	283	284	1	0	87.52	87.52	87.52
juego3	easy	0.0	0.008	1173	400	283	284	1	0	87.48	87.48	87.48
juego3	easy	0.0	0.008	1183	400	283	284	1	0	87.43	87.43	87.43
juego3	easy	0.0	0.008	1191	400	283	284	1	0	87.37	87.37	87.37
juego3	easy	0.0	0.008	1201	400	283	284	1	0	87.36	87.36	87.36
juego3	easy	0.0	0.008	1210	400	283	284	1	0	87.32	87.32	87.32
juego3	easy	0.0	0.008	1219	400	283	284	1	0	87.32	87.32	87.32
juego3	easy	0.0	0.008	1227	400	283	284	1	0	87.33	87.33	87.33
juego3	easy	0.0	0.008	1235	400	283	284	1	0	87.34	87.34	87.34
juego3	easy	0.0	0.008	1244	400	283	284	1	0	87.36	87.36	87.36
juego3	easy	0.0	0.008	1253	400	283	284	1	0	87.36	87.36	87.36
juego3	easy	0.0	0.008	1262	400	283	284	1	0	87.32	87.32	87.32
juego3	easy	0.0	0.008	1271	400	283	284	1	0	87.29	87.29	87.29
juego3	easy	0.0	0.008	1280	400	283	284	1	0	87.23	87.23	87.23
juego3	easy	0.0	0.008	1289	400	283	285	2	0	87.17	87.17	87.17
juego3	easy	0.0	0.008	1298	400	283	285	2	0	87.13	87.13	87.13
juego3	easy	0.0	0.008	1307	400	283	285	2	0	87.11	87.11	87.11
juego3	easy	0.0	0.008	1316	400	283	285	2	0	87.1	87.1	87.1
juego3	easy	0.0	0.008	1326	400	283	285	2	0	87.12	87.12	87.12
juego3	easy	0.0	0.008	1334	400	283	285	2	0	87.14	87.14	87.14
juego3	easy	0.0	0.008	1343	400	283	285	2	0	87.17	87.17	87.17
juego3	easy	0.0	0.008	1352	400	283	284	1	0	87.18	87.18	87.18
juego3	easy	0.0	0.008	1361	400	283	285	2	0	87.16	87.16	87.16
juego3	easy	0.0	0.008	1370	400	283	285	2	0	87.15	87.15	87.15
juego3	easy	0.0	0.008	1378	400	283	285	2	0	87.11	87.11	87.11
juego3	easy	0.0	0.008	1386	400	283	285	2	0	87.09	87.09	87.09
juego3	easy	0.0	0.008	1394	400	283	285	2	0	87.05	87.05	87.05
juego3	easy	0.0	0.008	1403	400	283	285	2	0	87.02	87.02	87.02
juego3	easy	0.0	0.008	1412	400	283	285	2	0	87.0	87.0	87.0
juego3	easy	0.0	0.008	1420	400	283	285	2	0	86.99	86.99	86.99
juego3	easy	0.0	0.008	1429	400	283	285	2	0	87.0	87.0	87.0
juego3	easy	0.0	0.008	1438	400	283	285	2	0	87.03	87.03	87.03
juego3	easy	0.0	0.008	1447	400	283	285	2	0	87.04	87.04	87.04
juego3	easy	0.0	0.008	1455	400	283	285	2	0	87.04	87.04	87.04
juego3	easy	0.0	0.008	1465	400	283	285	2	0	87.04	87.04	87.04
juego3	easy	0.0	0.008	1472	400	283	285	2	0	87.04	87.04	87.04
juego3	easy	0.0	0.008	1482	400	283	285	2	0	87.03	87.03	87.03
juego3	easy	0.0	0.008	1490	400	283	285	2	0	87.03	87.03	87.03
juego3	easy	0.0	0.008	1499	400	283	285	2	0	87.03	87.03	87.03
juego3	easy	0.0	0.008	1509	400	283	285	2	0	87.03	87.03	87.03
juego3	easy	0.0	0.008	1517	400	283	285	2	0	87.04	87.04	87.04
juego3	easy	0.0	0.008	1526	400	283	285	2	0	87.05	87.05	87.05
juego3	easy	0.0	0.008	1534	400	283	285	2	0	87.04	87.04	87.04
juego3	easy	0.0	0.008	1543	400	283	285	2	0	87.05	87.05	87.05
juego3	easy	0.0	0.008	1552	400	283	285	2	0	87.05	87.05	87.05
juego3	easy	0.0	0.008	1560	400	283	285	2	0	87.04	87.04	87.04
juego3	easy	0.0	0.008	1569	400	283	285	2	0	87.02	87.02	87.02
juego3	easy	0.0	0.008	1578	400	283	285	2	0	87.01	87.01	87.01
juego3	easy	0.0	0.008	1587	400	283	285	2	0	87.0	87.0	87.0
juego3	easy	0.0	0.008	1596	400	283	285	2	0	86.99	86.99	86.99
juego3	easy	0.0	0.008	1604	400	283	285	2	0	86.99	86.99	86.99
juego3	easy	0.0	0.008	1613	400	283	285	2	0	87.0	87.0	87.0
juego3	easy	0.0	0.008	1621	400	283	285	2	0	87.01	87.01	87.01
juego3	easy	0.0	0.008	1629	400	283	285	2	0	87.04	87.04	87.04
juego3	easy	0.0	0.008	1638	400	283	285	2	0	87.07	87.07	87.07
juego3	easy	0.0	0.008	1647	400	283	285	2	0	87.08	87.08	87.08
juego3	easy	0.0	0.008	1656	400	283	285	2	0	87.08	87.08	87.08
juego3	easy	0.0	0.008	1664	400	283	285	2	0	87.05	87.05	87.05
juego3	easy	0.0	0.008	1673	400	283	285	2	0	87.02	87.02	87.02
juego3	easy	0.0	0.008	1682	400	283	285	2	0	87.0	87.0	87.0
juego3	easy	0.0	0.008	1691	400	283	285	2	0	86.96	86.96	86.96
juego3	easy	0.0	0.008	1699	400	283	285	2	0	86.96	86.96	86.96
juego3	easy	0.0	0.008	1708	400	283	285	2	0	86.99	86.99	86.99
juego3	easy	0.0	0.008	1716	400	283	285	2	0	87.0	87.0	87.0
juego3	easy	0.0	0.008	1726	400	283	285	2	0	87.04	87.04	87.04
juego3	easy	0.0	0.008	1734	400	283	285	2	0	87.06	87.06	87.06
juego3	easy	0.0	0.008	1743	400	283	285	2	0	87.07	87.07	87.07
juego3	easy	0.0	0.008	1753	400	283	285	2	0	87.06	87.06	87.06
juego3	easy	0.0	0.008	1761	400	283	285	2	0	87.04	87.04	87.04
juego3	easy	0.0	0.008	1770	400	283	285	2	0	87.01	87.01	87.01
juego3	easy	0.0	0.008	1779	400	283	285	2	0	86.97	86.97	86.97
juego3	easy	0.0	0.008	1787	400	283	285	2	0	86.96	86.96	86.96
juego3	easy	0.0	0.008	1796	400	283	285	2	0	86.96	86.96	86.96
juego3	easy	0.0	0.008	1805	400	283	285	2	0	86.99	86.99	86.99
juego3	easy	0.0	0.008	1814	400	283	285	2	0	87.03	87.03	87.03
juego3	easy	0.0	0.008	1823	400	283	285	2	0	87.07	87.07	87.07
juego3	easy	0.0	0.008	1832	400	283	285	2	0	87.08	87.08	87.08
juego3	easy	0.0	0.008	1842	400	283	285	2	0	87.11	87.11	87.11
juego3	easy	0.0	0.008	1850	400	283	285	2	0	87.12	87.12	87.12
juego3	easy	0.0	0.008	1859	400	283	285	2	0	87.1	87.1	87.1
juego3	easy	0.0	0.008	1868	400	283	285	2	0	87.09	87.09	87.09
juego3	easy	0.0	0.008	1876	400	283	285	2	0	87.06	87.06	87.06
juego3	easy	0.0	0.008	1884	400	283	285	2	0	87.02	87.02	87.02
juego3	easy	0.0	0.008	1893	400	283	285	2	0	87.01	87.01	87.01
juego3	easy	0.0	0.008	1902	400	283	285	2	0	87.01	87.01	87.01
juego3	easy	0.0	0.008	1911	400	283	285	2	0	87.04	87.04	87.04
juego3	easy	0.0	0.008	1921	400	283	285	2	0	87.08	87.08	87.08
juego3	easy	0.0	0.008	1931	400	283	285	2	0	87.12	87.12	87.12
juego3	easy	0.0	0.008	1939	400	283	285	2	0	87.15	87.15	87.15
juego3	easy	0.0	0.008	1947	400	283	285	2	0	87.16	87.16	87.16
juego3	easy	0.0	0.008	1956	400	283	285	2	0	87.17	87.17	87.17
juego3	easy	0.0	0.008	1965	400	283	285	2	0	87.17	87.17	87.17
juego3	easy	0.0	0.008	1974	400	283	285	2	0	87.17	87.17	87.17
juego3	easy	0.0	0.008	1982	400	283	285	2	0	87.17	87.17	87.17
juego3	easy	0.0	0.008	1991	400	283	285	2	0	87.15	87.15	87.15
juego3	easy	0.0	0.008	1999	400	283	285	2	0	87.15	87.15	87.15
juego3	easy	0.0	0.008	0	400	283	285	2	1	87.15	87.15	87.15
juego3	easy	80.0	0.008	10	400	177	285	108	1	87.15	87.15	87.15
juego3	easy	80.0	0.008	18	400	177	285	108	1	87.16	87.16	87.16
juego3	easy	80.0	0.008	27	400	177	285	108	1	87.17	87.17	87.17
juego3	easy	80.0	0.008	36	400	177	284	107	1	87.19	87.19	87.19
juego3	easy	80.0	0.008	45	400	177	284	107	1	87.19	87.19	87.19
juego3	easy	80.0	0.008	55	400	177	284	107	1	87.19	87.19	87.19
juego3	easy	80.0	0.008	63	400	177	284	107	1	87.2	87.2	87.2
juego3	easy	80.0	0.008	73	400	177	284	107	1	87.21	87.21	87.21
juego3	easy	80.0	0.008	81	400	177	284	107	1	87.21	87.21	87.21
juego3	easy	80.0	0.008	90	400	177	284	107	1	87.21	87.21	87.21
juego3	easy	80.0	0.008	99	400	177	284	107	1	87.22	87.22	87.22
juego3	easy	80.0	0.008	108	400	177	284	107	1	87.21	87.21	87.21
juego3	easy	80.0	0.008	117	400	177	284	107	1	87.2	87.2	87.2
juego3	easy	80.0	0.008	125	400	177	284	107	1	87.2	87.2	87.2
juego3	easy	80.0	0.008	134	400	177	284	107	1	87.18	87.18	87.18
juego3	easy	80.0	0.008	142	400	177	284	107	1	87.18	87.18	87.18
juego3	easy	80.0	0.008	149	400	177	284	107	1	87.18	87.18	87.18
juego3	easy	80.0	0.008	158	400	177	284	107	1	87.19	87.19	87.19
juego3	easy	80.0	0.008	167	400	177	284	107	1	87.2	87.2	87.2
juego3	easy	80.0	0.008	176	400	177	284	107	1	87.21	87.21	87.21
juego3	easy	80.0	0.008	186	400	177	284	107	1	87.21	87.21	87.21
juego3	easy	80.0	0.008	194	400	177	284	107	1	87.21	87.21	87.21
juego3	easy	80.0	0.008	203	400	177	284	107	1	87.22	87.22	87.22
juego3	easy	80.0	0.008	212	400	177	284	107	1	87.23	87.23	87.23
juego3	easy	80.0	0.008	219	400	177	284	107	1	87.24	87.24	87.24
juego3	easy	80.0	0.008	227	400	177	284	107	1	87.25	87.25	87.25
juego3	easy	80.0	0.008	235	400	177	284	107	1	87.26	87.26	87.26
juego3	easy	80.0	0.008	245	400	177	284	107	1	87.28	87.28	87.28
juego3	easy	80.0	0.008	253	400	177	284	107	1	87.31	87.31	87.31
juego3	easy	80.0	0.008	262	400	177	284	107	1	87.35	87.35	87.35
juego3	easy	80.0	0.008	272	400	177	284	107	1	87.34	87.34	87.34
juego3	easy	80.0	0.008	279	400	177	284	107	1	87.35	87.35	87.35
juego3	easy	80.0	0.008	288	400	177	283	106	1	87.58	87.58	87.58
juego3	easy	80.0	0.008	297	400	177	281	104	1	88.33	88.33	88.33
juego3	easy	80.0	0.008	307	400	177	278	101	1	89.78	89.78	89.78
juego3	easy	80.0	0.008	315	400	177	275	98	1	90.69	90.69	90.69
juego3	easy	80.0	0.008	324	400	177	273	96	1	91.67	91.67	91.67
juego3	easy	80.0	0.008	333	400	177	266	89	1	94.02	94.02	94.02
juego3	easy	80.0	0.008	341	400	177	261	84	1	96.03	96.03	96.03
juego3	easy	80.0	0.008	350	400	177	255	78	1	98.31	98.31	98.31
juego3	easy	80.0	0.008	358	400	177	249	72	1	100.61	100.61	100.61
juego3	easy	80.0	0.008	367	400	177	243	66	1	102.84	102.84	102.84
juego3	easy	80.0	0.008	376	400	177	240	63	1	103.88	103.88	103.88
juego3	easy	80.0	0.008	385	400	177	235	58	1	105.92	105.92	105.92
juego3	easy	80.0	0.008	394	400	177	232	55	1	106.97	106.97	106.97
juego3	easy	80.0	0.008	404	400	177	224	47	1	110.07	110.07	110.07
juego3	easy	80.0	0.008	412	400	177	219	42	1	111.89	111.89	111.89
juego3	easy	80.0	0.008	421	400	177	216	39	1	112.74	112.74	112.74
juego3	easy	80.0	0.008	430	400	177	212	35	1	114.32	114.32	114.32
juego3	easy	80.0	0.008	438	400	177	208	31	1	115.92	115.92	115.92
juego3	easy	80.0	0.008	447	400	177	206	29	1	116.67	116.67	116.67
juego3	easy	80.0	0.008	456	400	177	202	25	1	118.04	118.04	118.04
juego3	easy	80.0	0.008	465	400	177	199	22	1	119.31	119.31	119.31
juego3	easy	80.0	0.008	474	400	177	196	19	1	120.28	120.28	120.28
juego3	easy	80.0	0.008	481	400	177	196	19	1	120.58	120.58	120.58
juego3	easy	80.0	0.008	490	400	177	195	18	1	120.83	120.83	120.83
juego3	easy	80.0	0.008	497	400	177	195	18	1	120.83	120.83	120.83
juego3	easy	80.0	0.008	506	400	177	195	18	1	120.79	120.79	120.79
juego3	easy	80.0	0.008	515	400	177	195	18	1	120.75	120.75	120.75
juego3	easy	80.0	0.008	525	400	177	195	18	1	120.76	120.76	120.76
juego3	easy	80.0	0.008	533	400	177	195	18	1	120.91	120.91	120.91
juego3	easy	80.0	0.008	541	400	177	194	17	1	121.04	121.04	121.04
juego3	easy	80.0	0.008	550	400	177	193	16	1	121.44	121.44	121.44
juego3	easy	80.0	0.008	560	400	177	192	15	1	122.02	122.02	122.02
juego3	easy	80.0	0.008	568	400	177	191	14	1	122.34	122.34	122.34
juego3	easy	80.0	0.008	576	400	177	189	12	1	122.98	122.98	122.98
juego3	easy	80.0	0.008	584	400	177	188	11	1	123.57	123.57	123.57
juego3	easy	80.0	0.008	593	400	177	186	9	1	124.05	124.05	124.05
juego3	easy	80.0	0.008	603	400	177	186	9	1	124.25	124.25	124.25
juego3	easy	80.0	0.008	612	400	177	185	8	1	124.55	124.55	124.55
juego3	easy	80.0	0.008	621	400	177	185	8	1	124.74	124.74	124.74
juego3	easy	80.0	0.008	628	400	177	184	7	1	124.84	124.84	124.84
juego3	easy	80.0	0.008	637	400	177	184	7	1	124.87	124.87	124.87
juego3	easy	80.0	0.008	645	400	177	184	7	1	124.85	124.85	124.85
juego3	easy	80.0	0.008	655	400	177	184	7	1	124.84	124.84	124.84
juego3	easy	80.0	0.008	663	400	177	184	7	1	124.89	124.89	124.89
juego3	easy	80.0	0.008	672	400	177	184	7	1	124.94	124.94	124.94
juego3	easy	80.0	0.008	680	400	177	184	7	1	125.1	125.1	125.1
juego3	easy	80.0	0.008	689	400	177	183	6	1	125.31	125.31	125.31
juego3	easy	80.0	0.008	698	400	177	182	5	1	125.53	125.53	125.53
juego3	easy	80.0	0.008	706	400	177	182	5	1	125.65	125.65	125.65
juego3	easy	80.0	0.008	715	400	177	181	4	1	125.89	125.89	125.89
juego3	easy	80.0	0.008	724	400	177	181	4	1	126.16	126.16	126.16
juego3	easy	80.0	0.008	734	400	177	180	3	1	126.41	126.41	126.41
juego3	easy	80.0	0.008	743	400	177	180	3	1	126.62	126.62	126.62
juego3	easy	80.0	0.008	751	400	177	179	2	1	126.7	126.7	126.7
juego3	easy	80.0	0.008	760	400	177	179	2	1	126.82	126.82	126.82
juego3	easy	80.0	0.008	769	400	177	179	2	1	126.89	126.89	126.89
juego3	easy	80.0	0.008	778	400	177	179	2	1	126.95	126.95	126.95
juego3	easy	80.0	0.008	786	400	177	179	2	1	126.98	126.98	126.98
juego3	easy	80.0	0.008	795	400	177	178	1	1	127.03	127.03	127.03
juego3	easy	80.0	0.008	803	400	177	178	1	1	127.07	127.07	127.07
juego3	easy	80.0	0.008	813	400	177	178	1	1	127.1	127.1	127.1
juego3	easy	80.0	0.008	821	400	177	178	1	1	127.12	127.12	127.12
juego3	easy	80.0	0.008	830	400	177	178	1	1	127.14	127.14	127.14
juego3	easy	80.0	0.008	839	400	177	178	1	1	127.16	127.16	127.16
juego3	easy	80.0	0.008	848	400	177	178	1	1	127.17	127.17	127.17
juego3	easy	80.0	0.008	857	400	177	178	1	1	127.17	127.17	127.17
juego3	easy	80.0	0.008	866	400	177	178	1	1	127.23	127.23	127.23
juego3	easy	80.0	0.008	875	400	177	178	1	1	127.32	127.32	127.32
juego3	easy	80.0	0.008	884	400	177	177	0	1	127.47	127.47	127.47
juego3	easy	80.0	0.008	893	400	177	177	0	1	127.61	127.61	127.61
juego3	easy	80.0	0.008	901	400	177	177	0	1	127.66	127.66	127.66
juego3	easy	80.0	0.008	911	400	177	177	0	1	127.72	127.72	127.72
juego3	easy	80.0	0.008	919	400	177	177	0	1	127.73	127.73	127.73
juego3	easy	80.0	0.008	928	400	177	177	0	1	127.71	127.71	127.71
juego3	easy	80.0	0.008	937	400	177	177	0	1	127.67	127.67	127.67
juego3	easy	80.0	0.008	946	400	177	177	0	1	127.6	127.6	127.6
juego3	easy	80.0	0.008	955	400	177	177	0	1	127.52	127.52	127.52
juego3	easy	80.0	0.008	963	400	177	177	0	1	127.44	127.44	127.44
juego3	easy	80.0	0.008	972	400	177	177	0	1	127.4	127.4	127.4
juego3	easy	80.0	0.008	980	400	177	178	1	1	127.35	127.35	127.35
juego3	easy	80.0	0.008	987	400	177	178	1	1	127.34	127.34	127.34
juego3	easy	80.0	0.008	997	400	177	178	1	1	127.34	127.34	127.34
juego3	easy	80.0	0.008	1005	400	177	177	0	1	127.4	127.4	127.4
juego3	easy	80.0	0.008	1013	400	177	177	0	1	127.51	127.51	127.51
juego3	easy	80.0	0.008	1022	400	177	177	0	1	127.59	127.59	127.59
juego3	easy	80.0	0.008	1031	400	177	176	-1	1	127.77	127.77	127.77
juego3	easy	80.0	0.008	1040	400	177	176	-1	1	127.96	127.96	127.96
juego3	easy	80.0	0.008	1049	400	177	176	-1	1	128.14	128.14	128.14
juego3	easy	80.0	0.008	1058	400	177	175	-2	1	128.22	128.22	128.22
juego3	easy	80.0	0.008	1067	400	177	175	-2	1	128.37	128.37	128.37
juego3	easy	80.0	0.008	1075	400	177	174	-3	1	128.53	128.53	128.53
juego3	easy	80.0	0.008	1084	400	177	174	-3	1	128.73	128.73	128.73
juego3	easy	80.0	0.008	1092	400	177	174	-3	1	128.85	128.85	128.85
juego3	easy	80.0	0.008	1101	400	177	173	-4	1	129.13	129.13	129.13
juego3	easy	80.0	0.008	1110	400	177	172	-5	1	129.47	129.47	129.47
juego3	easy	80.0	0.008	1118	400	177	172	-5	1	129.64	129.64	129.64
juego3	easy	80.0	0.008	1127	400	177	171	-6	1	129.98	129.98	129.98
juego3	easy	80.0	0.008	1135	400	177	170	-7	1	130.31	130.31	130.31
juego3	easy	80.0	0.008	1144	400	177	169	-8	1	130.47	130.47	130.47
juego3	easy	80.0	0.008	1153	400	177	168	-9	1	130.81	130.81	130.81
juego3	easy	80.0	0.008	1161	400	177	167	-10	1	131.19	131.19	131.19
juego3	easy	80.0	0.008	1171	400	177	166	-11	1	131.56	131.56	131.56
juego3	easy	80.0	0.008	1179	400	177	165	-12	1	131.93	131.93	131.93
juego3	easy	80.0	0.008	1187	400	177	165	-12	1	132.11	132.11	132.11
juego3	easy	80.0	0.008	1196	400	177	164	-13	1	132.36	132.36	132.36
juego3	easy	80.0	0.008	1205	400	177	164	-13	1	132.51	132.51	132.51
juego3	easy	80.0	0.008	1214	400	177	163	-14	1	132.67	132.67	132.67
juego3	easy	80.0	0.008	1222	400	177	163	-14	1	132.76	132.76	132.76
juego3	easy	80.0	0.008	1231	400	177	163	-14	1	133.02	133.02	133.02
juego3	easy	80.0	0.008	1241	400	177	162	-15	1	133.27	133.27	133.27
juego3	easy	80.0	0.008	1249	400	177	162	-15	1	133.36	133.36	133.36
juego3	easy	80.0	0.008	1258	400	177	162	-15	1	133.35	133.35	133.35
juego3	easy	80.0	0.008	1267	400	177	162	-15	1	133.25	133.25	133.25
juego3	easy	80.0	0.008	1276	400	177	162	-15	1	133.12	133.12	133.12
juego3	easy	80.0	0.008	1285	400	177	162	-15	1	133.05	133.05	133.05
juego3	easy	80.0	0.008	1294	400	177	163	-14	1	132.99	132.99	132.99
juego3	easy	80.0	0.008	1302	400	177	163	-14	1	133.02	133.02	133.02
juego3	easy	80.0	0.008	1312	400	177	162	-15	1	133.12	133.12	133.12
juego3	easy	80.0	0.008	1320	400	177	162	-15	1	133.18	133.18	133.18
juego3	easy	80.0	0.008	1329	400	177	162	-15	1	133.14	133.14	133.14
juego3	easy	80.0	0.008	1338	400	177	162	-15	1	133.11	133.11	133.11
juego3	easy	80.0	0.008	1347	400	177	162	-15	1	133.16	133.16	133.16
juego3	easy	80.0	0.008	1356	400	177	162	-15	1	133.36	133.36	133.36
juego3	easy	80.0	0.008	1365	400	177	161	-16	1	133.57	133.57	133.57
juego3	easy	80.0	0.008	1374	400	177	161	-16	1	133.7	133.7	133.7
juego3	easy	80.0	0.008	1383	400	177	161	-16	1	133.72	133.72	133.72
juego3	easy	80.0	0.008	1391	400	177	160	-17	1	133.8	133.8	133.8
juego3	easy	80.0	0.008	1399	400	177	160	-17	1	134.01	134.01	134.01
juego3	easy	80.0	0.008	1408	400	177	160	-17	1	134.14	134.14	134.14
juego3	easy	80.0	0.008	1417	400	177	159	-18	1	134.35	134.35	134.35
juego3	easy	80.0	0.008	1425	400	177	159	-18	1	134.39	134.39	134.39
juego3	easy	80.0	0.008	1435	400	177	159	-18	1	134.39	134.39	134.39
juego3	easy	80.0	0.008	1443	400	177	159	-18	1	134.42	134.42	134.42
juego3	easy	80.0	0.008	1452	400	177	158	-19	1	134.59	134.59	134.59
juego3	easy	80.0	0.008	1462	400	177	158	-19	1	134.79	134.79	134.79
juego3	easy	80.0	0.008	1470	400	177	157	-20	1	134.97	134.97	134.97
juego3	easy	80.0	0.008	1478	400	177	157	-20	1	135.03	135.03	135.03
juego3	easy	80.0	0.008	1487	400	177	157	-20	1	135.15	135.15	135.15
juego3	easy	80.0	0.008	1495	400	177	157	-20	1	135.12	135.12	135.12
juego3	easy	80.0	0.008	1504	400	177	157	-20	1	135.09	135.09	135.09
juego3	easy	80.0	0.008	1513	400	177	157	-20	1	134.98	134.98	134.98
juego3	easy	80.0	0.008	1521	400	177	158	-19	1	134.82	134.82	134.82
juego3	easy	80.0	0.008	1530	400	177	158	-19	1	134.66	134.66	134.66
juego3	easy	80.0	0.008	1538	400	177	158	-19	1	134.61	134.61	134.61
juego3	easy	80.0	0.008	1547	400	177	158	-19	1	134.59	134.59	134.59
juego3	easy	80.0	0.008	1556	400	177	158	-19	1	134.66	134.66	134.66
juego3	easy	80.0	0.008	1565	400	177	158	-19	1	134.71	134.71	134.71
juego3	easy	80.0	0.008	1575	400	177	158	-19	1	134.86	134.86	134.86
juego3	easy	80.0	0.008	1584	400	177	157	-20	1	135.02	135.02	135.02
juego3	easy	80.0	0.008	1592	400	177	157	-20	1	135.09	135.09	135.09
juego3	easy	80.0	0.008	1601	400	177	157	-20	1	135.0	135.0	135.0
juego3	easy	80.0	0.008	1611	400	177	158	-19	1	134.73	134.73	134.73
juego3	easy	80.0	0.008	1619	400	177	159	-18	1	134.53	134.53	134.53
juego3	easy	80.0	0.008	1628	400	177	160	-17	1	133.95	133.95	133.95
juego3	easy	80.0	0.008	1637	400	177	162	-15	1	133.11	133.11	133.11
juego3	easy	80.0	0.008	1645	400	177	165	-12	1	132.07	132.07	132.07
juego3	easy	80.0	0.008	1653	400	177	167	-10	1	131.51	131.51	131.51
juego3	easy	80.0	0.008	1663	400	177	170	-7	1	130.29	130.29	130.29
juego3	easy	80.0	0.008	1671	400	177	173	-4	1	129.02	129.02	129.02
juego3	easy	80.0	0.008	1680	400	177	177	0	1	127.67	127.67	127.67
juego3	easy	80.0	0.008	1689	400	177	179	2	1	126.91	126.91	126.91
juego3	easy	80.0	0.008	1697	400	177	183	6	1	125.31	125.31	125.31
juego3	easy	80.0	0.008	1706	400	177	188	11	1	123.61	123.61	123.61
juego3	easy	80.0	0.008	1713	400	177	190	13	1	122.69	122.69	122.69
juego3	easy	80.0	0.008	1721	400	177	195	18	1	120.78	120.78	120.78
juego3	easy	80.0	0.008	1730	400	177	198	21	1	119.7	119.7	119.7
juego3	easy	80.0	0.008	1739	400	177	204	27	1	117.56	117.56	117.56
juego3	easy	80.0	0.008	1748	400	177	211	34	1	114.85	114.85	114.85
juego3	easy	80.0	0.008	1757	400	177	218	41	1	112.18	112.18	112.18
juego3	easy	80.0	0.008	1766	400	177	225	48	1	109.54	109.54	109.54
juego3	easy	80.0	0.008	1775	400	177	228	51	1	108.31	108.31	108.31
juego3	easy	80.0	0.008	1784	400	177	234	57	1	106.05	106.05	106.05
juego3	easy	80.0	0.008	1792	400	177	239	62	1	104.23	104.23	104.23
juego3	easy	80.0	0.008	1800	400	177	243	66	1	102.91	102.91	102.91
juego3	easy	80.0	0.008	1809	400	177	244	67	1	102.37	102.37	102.37
juego3	easy	80.0	0.008	1818	400	177	246	69	1	101.58	101.58	101.58
juego3	easy	80.0	0.008	1826	400	177	248	71	1	100.91	100.91	100.91
juego3	easy	80.0	0.008	1835	400	177	249	72	1	100.56	100.56	100.56
juego3	easy	80.0	0.008	1844	400	177	251	74	1	99.8	99.8	99.8
juego3	easy	80.0	0.008	1853	400	177	254	77	1	98.8	98.8	98.8
juego3	easy	80.0	0.008	1862	400	177	257	80	1	97.64	97.64	97.64
juego3	easy	80.0	0.008	1870	400	177	258	81	1	97.03	97.03	97.03
juego3	easy	80.0	0.008	1879	400	177	262	85	1	95.77	95.77	95.77
juego3	easy	80.0	0.008	1887	400	177	265	88	1	94.63	94.63	94.63
juego3	easy	80.0	0.008	1896	400	177	267	90	1	93.72	93.72	93.72
juego3	easy	80.0	0.008	1904	400	177	268	91	1	93.36	93.36	93.36
juego3	easy	80.0	0.008	1911	400	177	269	92	1	92.88	92.88	92.88
juego3	easy	80.0	0.008	1920	400	177	270	93	1	92.73	92.73	92.73
juego3	easy	80.0	0.008	1929	400	177	270	93	1	92.55	92.55	92.55
juego3	easy	80.0	0.008	1938	400	177	270	93	1	92.5	92.5	92.5
juego3	easy	80.0	0.008	1947	400	177	271	94	1	92.42	92.42	92.42
juego3	easy	80.0	0.008	1955	400	177	271	94	1	92.29	92.29	92.29
juego3	easy	80.0	0.008	1963	400	177	272	95	1	92.05	92.05	92.05
juego3	easy	80.0	0.008	1972	400	177	272	95	1	91.71	91.71	91.71
juego3	easy	80.0	0.008	1981	400	177	273	96	1	91.36	91.36	91.36
juego3	easy	80.0	0.008	1989	400	177	274	97	1	91.2	91.2	91.2
juego3	easy	80.0	0.008	1998	400	177	274	97	1	90.98	90.98	90.98
juego3	easy	80.0	0.008	0	400	177	275	98	2	90.88	90.88	90.88
juego3	easy	0.0	0.008	9	400	283	275	-8	2	90.89	90.89	90.89
juego3	easy	0.0	0.008	16	400	283	275	-8	2	90.92	90.92	90.92
juego3	easy	0.0	0.008	24	400	283	274	-9	2	90.97	90.97	90.97
juego3	easy	0.0	0.008	34	400	283	274	-9	2	91.02	91.02	91.02
juego3	easy	0.0	0.008	42	400	283	274	-9	2	91.01	91.01	91.01
juego3	easy	0.0	0.008	52	400	283	274	-9	2	90.95	90.95	90.95
juego3	easy	0.0	0.008	62	400	283	275	-8	2	90.86	90.86	90.86
juego3	easy	0.0	0.008	70	400	283	275	-8	2	90.71	90.71	90.71
juego3	easy	0.0	0.008	79	400	283	275	-8	2	90.58	90.58	90.58
juego3	easy	0.0	0.008	88	400	283	276	-7	2	90.49	90.49	90.49
juego3	easy	0.0	0.008	97	400	283	276	-7	2	90.46	90.46	90.46
juego3	easy	0.0	0.008	107	400	283	276	-7	2	90.45	90.45	90.45
juego3	easy	0.0	0.008	116	400	283	276	-7	2	90.47	90.47	90.47
juego3	easy	0.0	0.008	124	400	283	276	-7	2	90.51	90.51	90.51
juego3	easy	0.0	0.008	139	400	283	275	-8	2	90.56	90.56	90.56
