game	difficulty	amplitude	velocity	time	xpos	y_computer	y_human	y_error	trial	x	y	z
juego1	easy	40.0	0.008	16554	700	254	267	13	0	101.6	101.6	101.6
juego1	easy	40.0	0.008	16558	700	254	267	13	0	101.6	101.6	101.6
juego1	easy	40.0	0.008	16566	700	254	267	13	0	101.61	101.61	101.61
juego1	easy	40.0	0.008	16574	700	254	267	13	0	101.63	101.63	101.63
juego1	easy	40.0	0.008	16582	700	253	267	14	0	101.64	101.64	101.64
juego1	easy	40.0	0.008	16591	700	253	267	14	0	101.62	101.62	101.62
juego1	easy	40.0	0.008	16599	700	253	267	14	0	101.57	101.57	101.57
juego1	easy	40.0	0.008	16609	700	252	267	15	0	101.52	101.52	101.52
juego1	easy	40.0	0.008	16615	700	252	268	16	0	101.5	101.5	101.5
juego1	easy	40.0	0.008	16624	700	252	268	16	0	101.49	101.49	101.49
juego1	easy	40.0	0.008	16632	700	251	268	17	0	101.5	101.5	101.5
juego1	easy	40.0	0.008	16640	700	251	268	17	0	101.51	101.51	101.51
juego1	easy	40.0	0.008	16649	700	251	267	16	0	101.54	101.54	101.54
juego1	easy	40.0	0.008	16657	700	250	267	17	0	101.53	101.53	101.53
juego1	easy	40.0	0.008	16666	700	250	268	18	0	101.5	101.5	101.5
juego1	easy	40.0	0.008	16675	700	250	268	18	0	101.44	101.44	101.44
juego1	easy	40.0	0.008	16684	700	249	268	19	0	101.4	101.4	101.4
juego1	easy	40.0	0.008	16692	700	249	268	19	0	101.37	101.37	101.37
juego1	easy	40.0	0.008	16701	700	249	268	19	0	101.35	101.35	101.35
juego1	easy	40.0	0.008	16710	700	248	268	20	0	101.38	101.38	101.38
juego1	easy	40.0	0.008	16718	700	248	268	20	0	101.43	101.43	101.43
juego1	easy	40.0	0.008	16727	700	248	268	20	0	101.51	101.51	101.51
juego1	easy	40.0	0.008	16736	700	247	267	20	0	101.61	101.61	101.61
juego1	easy	40.0	0.008	16745	700	247	267	20	0	101.74	101.74	101.74
juego1	easy	40.0	0.008	16754	700	247	266	19	0	101.93	101.93	101.93
juego1	easy	40.0	0.008	16761	700	246	266	20	0	102.05	102.05	102.05
juego1	easy	40.0	0.008	16770	700	246	264	18	0	102.37	102.37	102.37
juego1	easy	40.0	0.008	16780	700	246	263	17	0	102.75	102.75	102.75
juego1	easy	40.0	0.008	16787	700	245	262	17	0	102.95	102.95	102.95
juego1	easy	40.0	0.008	16796	700	245	261	16	0	103.39	103.39	103.39
juego1	easy	40.0	0.008	16805	700	245	259	14	0	103.87	103.87	103.87
juego1	easy	40.0	0.008	16814	700	244	257	13	0	104.39	104.39	104.39
juego1	easy	40.0	0.008	16823	700	244	256	12	0	104.66	104.66	104.66
juego1	easy	40.0	0.008	16832	700	244	254	10	0	105.26	105.26	105.26
juego1	easy	40.0	0.008	16841	700	243	252	9	0	105.9	105.9	105.9
juego1	easy	40.0	0.008	16850	700	243	249	6	0	106.67	106.67	106.67
juego1	easy	40.0	0.008	16859	700	243	246	3	0	107.61	107.61	107.61
juego1	easy	40.0	0.008	16868	700	242	245	3	0	108.04	108.04	108.04
juego1	easy	40.0	0.008	16877	700	242	240	-2	0	109.3	109.3	109.3
juego1	easy	40.0	0.008	16886	700	242	233	-9	0	111.17	111.17	111.17
juego1	easy	40.0	0.008	16895	700	241	229	-12	0	112.44	112.44	112.44
juego1	easy	40.0	0.008	16904	700	241	226	-15	0	113.42	113.42	113.42
juego1	easy	40.0	0.008	16912	700	241	221	-20	0	114.59	114.59	114.59
juego1	easy	40.0	0.008	16920	700	240	220	-20	0	115.03	115.03	115.03
juego1	easy	40.0	0.008	16929	700	240	216	-24	0	116.2	116.2	116.2
juego1	easy	40.0	0.008	16936	700	240	214	-26	0	116.57	116.57	116.57
juego1	easy	40.0	0.008	16945	700	240	212	-28	0	117.14	117.14	117.14
juego1	easy	40.0	0.008	16952	700	239	212	-27	0	117.37	117.37	117.37
juego1	easy	40.0	0.008	16961	700	239	210	-29	0	117.81	117.81	117.81
juego1	easy	40.0	0.008	16970	700	239	208	-31	0	118.35	118.35	118.35
juego1	easy	40.0	0.008	16979	700	238	207	-31	0	118.68	118.68	118.68
juego1	easy	40.0	0.008	16988	700	238	205	-33	0	119.33	119.33	119.33
juego1	easy	40.0	0.008	16997	700	238	202	-36	0	120.03	120.03	120.03
juego1	easy	40.0	0.008	17006	700	237	202	-35	0	120.03	120.03	120.03
juego1	easy	40.0	0.008	17015	700	237	199	-38	0	120.92	120.92	120.92
juego1	easy	40.0	0.008	17024	700	237	196	-41	0	121.85	121.85	121.85
juego1	easy	40.0	0.008	17032	700	236	195	-41	0	122.08	122.08	122.08
juego1	easy	40.0	0.008	17041	700	236	193	-43	0	122.54	122.54	122.54
juego1	easy	40.0	0.008	17049	700	236	192	-44	0	123.02	123.02	123.02
juego1	easy	40.0	0.008	17058	700	236	191	-45	0	123.26	123.26	123.26
juego1	easy	40.0	0.008	17067	700	235	189	-46	0	123.72	123.72	123.72
juego1	easy	40.0	0.008	17076	700	235	188	-47	0	124.15	124.15	124.15
juego1	easy	40.0	0.008	17085	700	235	186	-49	0	124.5	124.5	124.5
juego1	easy	40.0	0.008	17093	700	234	186	-48	0	124.67	124.67	124.67
juego1	easy	40.0	0.008	17102	700	234	185	-49	0	124.99	124.99	124.99
juego1	easy	40.0	0.008	17111	700	234	184	-50	0	125.34	125.34	125.34
juego1	easy	40.0	0.008	17120	700	234	182	-52	0	125.77	125.77	125.77
juego1	easy	40.0	0.008	17129	700	233	181	-52	0	126.0	126.0	126.0
juego1	easy	40.0	0.008	17137	700	233	180	-53	0	126.46	126.46	126.46
juego1	easy	40.0	0.008	17145	700	233	178	-55	0	126.89	126.89	126.89
juego1	easy	40.0	0.008	17153	700	232	177	-55	0	127.11	127.11	127.11
juego1	easy	40.0	0.008	17161	700	232	176	-56	0	127.58	127.58	127.58
juego1	easy	40.0	0.008	17170	700	232	174	-58	0	128.01	128.01	128.01
juego1	easy	40.0	0.008	17178	700	232	173	-59	0	128.22	128.22	128.22
juego1	easy	40.0	0.008	17186	700	231	172	-59	0	128.59	128.59	128.59
juego1	easy	40.0	0.008	17195	700	231	171	-60	0	128.9	128.9	128.9
juego1	easy	40.0	0.008	17204	700	231	170	-61	0	129.03	129.03	129.03
juego1	easy	40.0	0.008	17212	700	230	170	-60	0	129.29	129.29	129.29
juego1	easy	40.0	0.008	17220	700	230	169	-61	0	129.42	129.42	129.42
juego1	easy	40.0	0.008	17229	700	230	168	-62	0	129.71	129.71	129.71
juego1	easy	40.0	0.008	17238	700	230	167	-63	0	130.02	130.02	130.02
juego1	easy	40.0	0.008	17246	700	229	166	-63	0	130.3	130.3	130.3
juego1	easy	40.0	0.008	17255	700	229	165	-64	0	130.52	130.52	130.52
juego1	easy	40.0	0.008	17264	700	229	165	-64	0	130.68	130.68	130.68
juego1	easy	40.0	0.008	17273	700	229	164	-65	0	130.74	130.74	130.74
juego1	easy	40.0	0.008	17282	700	228	164	-64	0	130.8	130.8	130.8
juego1	easy	40.0	0.008	17291	700	228	164	-64	0	130.8	130.8	130.8
juego1	easy	40.0	0.008	17299	700	228	164	-64	0	130.79	130.79	130.79
juego1	easy	40.0	0.008	17308	700	228	164	-64	0	130.76	130.76	130.76
juego1	easy	40.0	0.008	17315	700	227	165	-62	0	130.7	130.7	130.7
juego1	easy	40.0	0.008	17324	700	227	165	-62	0	130.63	130.63	130.63
juego1	easy	40.0	0.008	17333	700	227	165	-62	0	130.6	130.6	130.6
juego1	easy	40.0	0.008	17342	700	227	165	-62	0	130.53	130.53	130.53
juego1	easy	40.0	0.008	17351	700	226	166	-60	0	130.44	130.44	130.44
juego1	easy	40.0	0.008	17360	700	226	166	-60	0	130.35	130.35	130.35
juego1	easy	40.0	0.008	17369	700	226	166	-60	0	130.31	130.31	130.31
juego1	easy	40.0	0.008	17378	700	226	166	-60	0	130.22	130.22	130.22
juego1	easy	40.0	0.008	17387	700	225	167	-58	0	130.16	130.16	130.16
juego1	easy	40.0	0.008	17396	700	225	167	-58	0	130.12	130.12	130.12
juego1	easy	40.0	0.008	17405	700	225	167	-58	0	130.15	130.15	130.15
juego1	easy	40.0	0.008	17414	700	225	166	-59	0	130.18	130.18	130.18
juego1	easy	40.0	0.008	17422	700	224	166	-58	0	130.28	130.28	130.28
juego1	easy	40.0	0.008	17431	700	224	166	-58	0	130.38	130.38	130.38
juego1	easy	40.0	0.008	17440	700	224	166	-58	0	130.44	130.44	130.44
juego1	easy	40.0	0.008	17448	700	224	165	-59	0	130.58	130.58	130.58
juego1	easy	40.0	0.008	17457	700	224	165	-59	0	130.72	130.72	130.72
juego1	easy	40.0	0.008	17465	700	223	164	-59	0	130.87	130.87	130.87
juego1	easy	40.0	0.008	17474	700	223	164	-59	0	130.94	130.94	130.94
juego1	easy	40.0	0.008	17483	700	223	163	-60	0	131.1	131.1	131.1
juego1	easy	40.0	0.008	17491	700	223	163	-60	0	131.24	131.24	131.24
juego1	easy	40.0	0.008	17499	700	222	162	-60	0	131.3	131.3	131.3
juego1	easy	40.0	0.008	17508	700	222	162	-60	0	131.45	131.45	131.45
juego1	easy	40.0	0.008	17516	700	222	161	-61	0	131.6	131.6	131.6
juego1	easy	40.0	0.008	17526	700	222	161	-61	0	131.75	131.75	131.75
juego1	easy	40.0	0.008	17534	700	222	161	-61	0	131.83	131.83	131.83
juego1	easy	40.0	0.008	17542	700	221	160	-61	0	131.98	131.98	131.98
juego1	easy	40.0	0.008	17550	700	221	160	-61	0	132.05	132.05	132.05
juego1	easy	40.0	0.008	17558	700	221	159	-62	0	132.16	132.16	132.16
juego1	easy	40.0	0.008	17568	700	221	159	-62	0	132.24	132.24	132.24
juego1	easy	40.0	0.008	17576	700	221	159	-62	0	132.28	132.28	132.28
juego1	easy	40.0	0.008	17585	700	220	159	-61	0	132.36	132.36	132.36
juego1	easy	40.0	0.008	17594	700	220	159	-61	0	132.41	132.41	132.41
juego1	easy	40.0	0.008	17603	700	220	158	-62	0	132.53	132.53	132.53
juego1	easy	40.0	0.008	17612	700	220	158	-62	0	132.68	132.68	132.68
juego1	easy	40.0	0.008	17621	700	220	157	-63	0	132.76	132.76	132.76
juego1	easy	40.0	0.008	17629	700	219	157	-62	0	132.92	132.92	132.92
juego1	easy	40.0	0.008	17637	700	219	156	-63	0	133.03	133.03	133.03
juego1	easy	40.0	0.008	17646	700	219	156	-63	0	133.11	133.11	133.11
juego1	easy	40.0	0.008	17653	700	219	156	-63	0	133.14	133.14	133.14
juego1	easy	40.0	0.008	17661	700	219	156	-63	0	133.19	133.19	133.19
juego1	easy	40.0	0.008	17670	700	219	156	-63	0	133.24	133.24	133.24
juego1	easy	40.0	0.008	17679	700	218	156	-62	0	133.26	133.26	133.26
juego1	easy	40.0	0.008	17688	700	218	155	-63	0	133.32	133.32	133.32
juego1	easy	40.0	0.008	17697	700	218	155	-63	0	133.39	133.39	133.39
juego1	easy	40.0	0.008	17705	700	218	155	-63	0	133.42	133.42	133.42
juego1	easy	40.0	0.008	17714	700	218	155	-63	0	133.44	133.44	133.44
juego1	easy	40.0	0.008	17722	700	218	155	-63	0	133.42	133.42	133.42
juego1	easy	40.0	0.008	17730	700	218	155	-63	0	133.39	133.39	133.39
juego1	easy	40.0	0.008	17738	700	217	155	-62	0	133.3	133.3	133.3
juego1	easy	40.0	0.008	17747	700	217	156	-61	0	133.21	133.21	133.21
juego1	easy	40.0	0.008	17756	700	217	156	-61	0	133.08	133.08	133.08
juego1	easy	40.0	0.008	17766	700	217	157	-60	0	132.95	132.95	132.95
juego1	easy	40.0	0.008	17774	700	217	157	-60	0	132.88	132.88	132.88
juego1	easy	40.0	0.008	17783	700	217	157	-60	0	132.72	132.72	132.72
juego1	easy	40.0	0.008	17792	700	216	158	-58	0	132.53	132.53	132.53
juego1	easy	40.0	0.008	17799	700	216	159	-57	0	132.43	132.43	132.43
juego1	easy	40.0	0.008	17808	700	216	159	-57	0	132.25	132.25	132.25
juego1	easy	40.0	0.008	17816	700	216	160	-56	0	132.09	132.09	132.09
juego1	easy	40.0	0.008	17825	700	216	160	-56	0	132.03	132.03	132.03
juego1	easy	40.0	0.008	17834	700	216	160	-56	0	131.91	131.91	131.91
juego1	easy	40.0	0.008	17843	700	216	161	-55	0	131.77	131.77	131.77
juego1	easy	40.0	0.008	17850	700	216	161	-55	0	131.68	131.68	131.68
juego1	easy	40.0	0.008	17859	700	215	162	-53	0	131.49	131.49	131.49
juego1	easy	40.0	0.008	17868	700	215	163	-52	0	131.26	131.26	131.26
juego1	easy	40.0	0.008	17876	700	215	164	-51	0	131.0	131.0	131.0
juego1	easy	40.0	0.008	17885	700	215	164	-51	0	130.87	130.87	130.87
juego1	easy	40.0	0.008	17894	700	215	165	-50	0	130.63	130.63	130.63
juego1	easy	40.0	0.008	17903	700	215	166	-49	0	130.42	130.42	130.42
juego1	easy	40.0	0.008	17913	700	215	166	-49	0	130.24	130.24	130.24
juego1	easy	40.0	0.008	17922	700	215	167	-48	0	130.06	130.06	130.06
juego1	easy	40.0	0.008	17929	700	215	167	-48	0	129.97	129.97	129.97
juego1	easy	40.0	0.008	17938	700	215	168	-47	0	129.74	129.74	129.74
juego1	easy	40.0	0.008	17946	700	214	169	-45	0	129.5	129.5	129.5
juego1	easy	40.0	0.008	17954	700	214	169	-45	0	129.36	129.36	129.36
juego1	easy	40.0	0.008	17963	700	214	170	-44	0	129.04	129.04	129.04
juego1	easy	40.0	0.008	17970	700	214	171	-43	0	128.86	128.86	128.86
juego1	easy	40.0	0.008	17980	700	214	172	-42	0	128.47	128.47	128.47
juego1	easy	40.0	0.008	17987	700	214	174	-40	0	128.04	128.04	128.04
juego1	easy	40.0	0.008	17997	700	214	176	-38	0	127.53	127.53	127.53
juego1	easy	40.0	0.008	18005	700	214	177	-37	0	127.24	127.24	127.24
juego1	easy	40.0	0.008	18014	700	214	179	-35	0	126.56	126.56	126.56
juego1	easy	40.0	0.008	18022	700	214	182	-32	0	125.79	125.79	125.79
juego1	easy	40.0	0.008	18031	700	214	183	-31	0	125.42	125.42	125.42
juego1	easy	40.0	0.008	18039	700	214	186	-28	0	124.76	124.76	124.76
juego1	easy	40.0	0.008	18048	700	214	187	-27	0	124.25	124.25	124.25
juego1	easy	40.0	0.008	18057	700	214	189	-25	0	123.87	123.87	123.87
juego1	easy	40.0	0.008	18067	700	213	189	-24	0	123.66	123.66	123.66
juego1	easy	40.0	0.008	18075	700	213	190	-23	0	123.55	123.55	123.55
juego1	easy	40.0	0.008	18084	700	213	191	-22	0	123.25	123.25	123.25
juego1	easy	40.0	0.008	18094	700	213	192	-21	0	122.79	122.79	122.79
juego1	easy	40.0	0.008	18102	700	213	195	-18	0	122.2	122.2	122.2
juego1	easy	40.0	0.008	18112	700	213	197	-16	0	121.51	121.51	121.51
juego1	easy	40.0	0.008	18120	700	213	198	-15	0	121.17	121.17	121.17
juego1	easy	40.0	0.008	18129	700	213	200	-13	0	120.53	120.53	120.53
juego1	easy	40.0	0.008	18137	700	213	203	-10	0	119.9	119.9	119.9
juego1	easy	40.0	0.008	18145	700	213	204	-9	0	119.6	119.6	119.6
juego1	easy	40.0	0.008	18154	700	213	206	-7	0	119.0	119.0	119.0
juego1	easy	40.0	0.008	18163	700	213	207	-6	0	118.71	118.71	118.71
juego1	easy	40.0	0.008	18171	700	213	207	-6	0	118.71	118.71	118.71
juego1	easy	40.0	0.008	18181	700	213	211	-2	0	117.45	117.45	117.45
juego1	easy	40.0	0.008	18189	700	213	214	1	0	116.7	116.7	116.7
juego1	easy	40.0	0.008	18198	700	213	217	4	0	115.95	115.95	115.95
juego1	easy	40.0	0.008	18207	700	213	219	6	0	115.22	115.22	115.22
juego1	easy	40.0	0.008	18216	700	213	220	7	0	114.86	114.86	114.86
juego1	easy	40.0	0.008	18225	700	213	223	10	0	114.2	114.2	114.2
juego1	easy	40.0	0.008	18234	700	213	225	12	0	113.67	113.67	113.67
juego1	easy	40.0	0.008	18242	700	213	225	12	0	113.46	113.46	113.46
juego1	easy	40.0	0.008	18252	700	213	227	14	0	113.11	113.11	113.11
juego1	easy	40.0	0.008	18260	700	213	227	14	0	112.87	112.87	112.87
juego1	easy	40.0	0.008	18269	700	213	228	15	0	112.63	112.63	112.63
juego1	easy	40.0	0.008	18279	700	213	229	16	0	112.4	112.4	112.4
juego1	easy	40.0	0.008	18287	700	213	230	17	0	112.11	112.11	112.11
juego1	easy	40.0	0.008	18296	700	213	231	18	0	111.94	111.94	111.94
juego1	easy	40.0	0.008	18305	700	213	232	19	0	111.61	111.61	111.61
juego1	easy	40.0	0.008	18313	700	213	233	20	0	111.28	111.28	111.28
juego1	easy	40.0	0.008	18320	700	213	234	21	0	111.12	111.12	111.12
juego1	easy	40.0	0.008	18329	700	213	235	22	0	110.86	110.86	110.86
juego1	easy	40.0	0.008	18337	700	213	235	22	0	110.77	110.77	110.77
juego1	easy	40.0	0.008	18346	700	213	235	22	0	110.66	110.66	110.66
juego1	easy	40.0	0.008	18354	700	213	235	22	0	110.62	110.62	110.62
juego1	easy	40.0	0.008	18363	700	213	235	22	0	110.61	110.61	110.61
juego1	easy	40.0	0.008	18372	700	213	235	22	0	110.62	110.62	110.62
juego1	easy	40.0	0.008	18379	700	213	235	22	0	110.63	110.63	110.63
juego1	easy	40.0	0.008	18387	700	213	235	22	0	110.63	110.63	110.63
juego1	easy	40.0	0.008	18395	700	213	235	22	0	110.63	110.63	110.63
juego1	easy	40.0	0.008	18403	700	213	236	23	0	110.59	110.59	110.59
juego1	easy	40.0	0.008	18411	700	213	236	23	0	110.55	110.55	110.55
juego1	easy	40.0	0.008	18419	700	213	236	23	0	110.49	110.49	110.49
juego1	easy	40.0	0.008	18428	700	214	236	22	0	110.43	110.43	110.43
juego1	easy	40.0	0.008	18438	700	214	236	22	0	110.43	110.43	110.43
juego1	easy	40.0	0.008	18445	700	214	236	22	0	110.45	110.45	110.45
juego1	easy	40.0	0.008	18454	700	214	236	22	0	110.49	110.49	110.49
juego1	easy	40.0	0.008	18461	700	214	236	22	0	110.51	110.51	110.51
juego1	easy	40.0	0.008	18470	700	214	236	22	0	110.57	110.57	110.57
juego1	easy	40.0	0.008	18479	700	214	235	21	0	110.61	110.61	110.61
juego1	easy	40.0	0.008	18488	700	214	235	21	0	110.64	110.64	110.64
juego1	easy	40.0	0.008	18495	700	214	235	21	0	110.65	110.65	110.65
juego1	easy	40.0	0.008	18504	700	214	235	21	0	110.67	110.67	110.67
juego1	easy	40.0	0.008	18514	700	214	235	21	0	110.72	110.72	110.72
juego1	easy	40.0	0.008	18522	700	214	235	21	0	110.77	110.77	110.77
juego1	easy	40.0	0.008	18529	700	214	234	20	0	110.93	110.93	110.93
juego1	easy	40.0	0.008	18538	700	214	233	19	0	111.19	111.19	111.19
juego1	easy	40.0	0.008	18547	700	215	233	18	0	111.38	111.38	111.38
juego1	easy	40.0	0.008	18555	700	215	231	16	0	111.82	111.82	111.82
juego1	easy	40.0	0.008	18563	700	215	229	14	0	112.36	112.36	112.36
juego1	easy	40.0	0.008	18571	700	215	228	13	0	112.65	112.65	112.65
juego1	easy	40.0	0.008	18578	700	215	226	11	0	113.21	113.21	113.21
juego1	easy	40.0	0.008	18588	700	215	224	9	0	113.73	113.73	113.73
juego1	easy	40.0	0.008	18596	700	215	224	9	0	113.95	113.95	113.95
juego1	easy	40.0	0.008	18603	700	215	222	7	0	114.35	114.35	114.35
juego1	easy	40.0	0.008	18612	700	215	222	7	0	114.53	114.53	114.53
juego1	easy	40.0	0.008	18621	700	216	220	4	0	114.86	114.86	114.86
juego1	easy	40.0	0.008	18629	700	216	219	3	0	115.17	115.17	115.17
juego1	easy	40.0	0.008	18638	700	216	218	2	0	115.46	115.46	115.46
juego1	easy	40.0	0.008	18646	700	216	218	2	0	115.6	115.6	115.6
juego1	easy	40.0	0.008	18655	700	216	217	1	0	115.91	115.91	115.91
juego1	easy	40.0	0.008	18664	700	216	216	0	0	116.21	116.21	116.21
juego1	easy	40.0	0.008	18673	700	216	215	-1	0	116.46	116.46	116.46
juego1	easy	40.0	0.008	18682	700	216	214	-2	0	116.55	116.55	116.55
juego1	easy	40.0	0.008	18691	700	217	214	-3	0	116.7	116.7	116.7
juego1	easy	40.0	0.008	18699	700	217	214	-3	0	116.75	116.75	116.75
juego1	easy	40.0	0.008	18708	700	217	214	-3	0	116.78	116.78	116.78
juego1	easy	40.0	0.008	18717	700	217	214	-3	0	116.79	116.79	116.79
juego1	easy	40.0	0.008	18725	700	217	214	-3	0	116.77	116.77	116.77
juego1	easy	40.0	0.008	18733	700	217	214	-3	0	116.76	116.76	116.76
juego1	easy	40.0	0.008	18740	700	217	214	-3	0	116.72	116.72	116.72
juego1	easy	40.0	0.008	18748	700	218	214	-4	0	116.71	116.71	116.71
juego1	easy	40.0	0.008	18757	700	218	214	-4	0	116.73	116.73	116.73
juego1	easy	40.0	0.008	18765	700	218	214	-4	0	116.78	116.78	116.78
juego1	easy	40.0	0.008	18774	700	218	213	-5	0	116.85	116.85	116.85
juego1	easy	40.0	0.008	18781	700	218	213	-5	0	116.89	116.89	116.89
juego1	easy	40.0	0.008	18790	700	218	213	-5	0	116.94	116.94	116.94
juego1	easy	40.0	0.008	18800	700	219	213	-6	0	116.95	116.95	116.95
juego1	easy	40.0	0.008	18808	700	219	213	-6	0	116.94	116.94	116.94
juego1	easy	40.0	0.008	18817	700	219	213	-6	0	116.88	116.88	116.88
juego1	easy	40.0	0.008	18825	700	219	214	-5	0	116.79	116.79	116.79
juego1	easy	40.0	0.008	18834	700	219	214	-5	0	116.7	116.7	116.7
juego1	easy	40.0	0.008	18842	700	219	214	-5	0	116.67	116.67	116.67
juego1	easy	40.0	0.008	18850	700	220	214	-6	0	116.62	116.62	116.62
juego1	easy	40.0	0.008	18857	700	220	214	-6	0	116.6	116.6	116.6
juego1	easy	40.0	0.008	18866	700	220	214	-6	0	116.57	116.57	116.57
juego1	easy	40.0	0.008	18876	700	220	215	-5	0	116.53	116.53	116.53
juego1	easy	40.0	0.008	18884	700	220	215	-5	0	116.45	116.45	116.45
juego1	easy	40.0	0.008	18894	700	220	215	-5	0	116.32	116.32	116.32
juego1	easy	40.0	0.008	18902	700	221	216	-5	0	116.22	116.22	116.22
juego1	easy	40.0	0.008	18910	700	221	217	-4	0	115.98	115.98	115.98
juego1	easy	40.0	0.008	18919	700	221	218	-3	0	115.63	115.63	115.63
juego1	easy	40.0	0.008	18926	700	221	218	-3	0	115.42	115.42	115.42
juego1	easy	40.0	0.008	18935	700	221	220	-1	0	114.99	114.99	114.99
juego1	easy	40.0	0.008	18943	700	222	221	-1	0	114.75	114.75	114.75
juego1	easy	40.0	0.008	18950	700	222	223	1	0	114.27	114.27	114.27
juego1	easy	40.0	0.008	18959	700	222	224	2	0	113.75	113.75	113.75
juego1	easy	40.0	0.008	18966	700	222	225	3	0	113.47	113.47	113.47
juego1	easy	40.0	0.008	18975	700	223	227	4	0	112.93	112.93	112.93
juego1	easy	40.0	0.008	18983	700	223	228	5	0	112.64	112.64	112.64
juego1	easy	40.0	0.008	18992	700	223	230	7	0	112.09	112.09	112.09
juego1	easy	40.0	0.008	19000	700	223	232	9	0	111.54	111.54	111.54
juego1	easy	40.0	0.008	19009	700	223	233	10	0	111.28	111.28	111.28
juego1	easy	40.0	0.008	19019	700	224	235	11	0	110.76	110.76	110.76
juego1	easy	40.0	0.008	19026	700	224	237	13	0	110.21	110.21	110.21
juego1	easy	40.0	0.008	19035	700	224	239	15	0	109.62	109.62	109.62
juego1	easy	40.0	0.008	19043	700	224	240	16	0	109.31	109.31	109.31
juego1	easy	40.0	0.008	19052	700	224	242	18	0	108.61	108.61	108.61
juego1	easy	40.0	0.008	19061	700	225	245	20	0	107.87	107.87	107.87
juego1	easy	40.0	0.008	19069	700	225	247	22	0	107.47	107.47	107.47
juego1	easy	40.0	0.008	19077	700	225	249	24	0	106.66	106.66	106.66
juego1	easy	40.0	0.008	19086	700	225	252	27	0	105.89	105.89	105.89
juego1	easy	40.0	0.008	19094	700	226	253	27	0	105.52	105.52	105.52
juego1	easy	40.0	0.008	19103	700	226	256	30	0	104.82	104.82	104.82
juego1	easy	40.0	0.008	19111	700	226	258	32	0	104.15	104.15	104.15
juego1	easy	40.0	0.008	19120	700	226	260	34	0	103.52	103.52	103.52
juego1	easy	40.0	0.008	19129	700	227	262	35	0	102.95	102.95	102.95
juego1	easy	40.0	0.008	19136	700	227	263	36	0	102.69	102.69	102.69
juego1	easy	40.0	0.008	19145	700	227	265	38	0	102.2	102.2	102.2
juego1	easy	40.0	0.008	19154	700	227	267	40	0	101.75	101.75	101.75
juego1	easy	40.0	0.008	19162	700	228	267	39	0	101.54	101.54	101.54
juego1	easy	40.0	0.008	19170	700	228	269	41	0	101.1	101.1	101.1
juego1	easy	40.0	0.008	19179	700	228	271	43	0	100.62	100.62	100.62
juego1	easy	40.0	0.008	19187	700	228	272	44	0	100.35	100.35	100.35
juego1	easy	40.0	0.008	19196	700	229	274	45	0	99.75	99.75	99.75
juego1	easy	40.0	0.008	19205	700	229	276	47	0	99.15	99.15	99.15
juego1	easy	40.0	0.008	19213	700	229	277	48	0	98.85	98.85	98.85
juego1	easy	40.0	0.008	19221	700	229	279	50	0	98.28	98.28	98.28
juego1	easy	40.0	0.008	19229	700	230	281	51	0	97.74	97.74	97.74
juego1	easy	40.0	0.008	19237	700	230	282	52	0	97.44	97.44	97.44
juego1	easy	40.0	0.008	19246	700	230	284	54	0	96.88	96.88	96.88
juego1	easy	40.0	0.008	19254	700	231	286	55	0	96.33	96.33	96.33
juego1	easy	40.0	0.008	19263	700	231	287	56	0	96.04	96.04	96.04
juego1	easy	40.0	0.008	19272	700	231	288	57	0	95.73	95.73	95.73
juego1	easy	40.0	0.008	19280	700	231	290	59	0	95.06	95.06	95.06
juego1	easy	40.0	0.008	19288	700	232	293	61	0	94.4	94.4	94.4
juego1	easy	40.0	0.008	19297	700	232	295	63	0	93.78	93.78	93.78
juego1	easy	40.0	0.008	19306	700	232	297	65	0	93.27	93.27	93.27
juego1	easy	40.0	0.008	19315	700	232	298	66	0	92.86	92.86	92.86
juego1	easy	40.0	0.008	19323	700	233	299	66	0	92.68	92.68	92.68
juego1	easy	40.0	0.008	19332	700	233	300	67	0	92.34	92.34	92.34
juego1	easy	40.0	0.008	19341	700	233	300	67	0	92.01	92.01	92.01
juego1	easy	40.0	0.008	19350	700	234	301	67	0	91.65	91.65	91.65
juego1	easy	40.0	0.008	19358	700	234	302	68	0	91.44	91.44	91.44
juego1	easy	40.0	0.008	19367	700	234	304	70	0	91.01	91.01	91.01
juego1	easy	40.0	0.008	19375	700	234	305	71	0	90.55	90.55	90.55
juego1	easy	40.0	0.008	19383	700	235	306	71	0	90.35	90.35	90.35
juego1	easy	40.0	0.008	19392	700	235	307	72	0	89.91	89.91	89.91
juego1	easy	40.0	0.008	19401	700	235	309	74	0	89.5	89.5	89.5
juego1	easy	40.0	0.008	19409	700	236	309	73	0	89.4	89.4	89.4
juego1	easy	40.0	0.008	19418	700	236	310	74	0	89.26	89.26	89.26
juego1	easy	40.0	0.008	19427	700	236	310	74	0	89.19	89.19	89.19
juego1	easy	40.0	0.008	19435	700	237	310	73	0	89.22	89.22	89.22
juego1	easy	40.0	0.008	19444	700	237	310	73	0	89.26	89.26	89.26
juego1	easy	40.0	0.008	19453	700	237	309	72	0	89.43	89.43	89.43
juego1	easy	40.0	0.008	19462	700	237	308	71	0	89.75	89.75	89.75
juego1	easy	40.0	0.008	19470	700	238	306	68	0	90.27	90.27	90.27
juego1	easy	40.0	0.008	19479	700	238	305	67	0	90.58	90.58	90.58
juego1	easy	40.0	0.008	19488	700	238	303	65	0	91.27	91.27	91.27
juego1	easy	40.0	0.008	19497	700	239	300	61	0	91.96	91.96	91.96
juego1	easy	40.0	0.008	19505	700	239	299	60	0	92.56	92.56	92.56
juego1	easy	40.0	0.008	19513	700	239	298	59	0	92.83	92.83	92.83
juego1	easy	40.0	0.008	19521	700	240	296	56	0	93.41	93.41	93.41
juego1	easy	40.0	0.008	19530	700	240	294	54	0	93.92	93.92	93.92
juego1	easy	40.0	0.008	19538	700	240	293	53	0	94.15	94.15	94.15
juego1	easy	40.0	0.008	19547	700	241	292	51	0	94.62	94.62	94.62
juego1	easy	40.0	0.008	19555	700	241	290	49	0	95.2	95.2	95.2
juego1	easy	40.0	0.008	19564	700	241	289	48	0	95.53	95.53	95.53
juego1	easy	40.0	0.008	19571	700	242	287	45	0	95.85	95.85	95.85
juego1	easy	40.0	0.008	19580	700	242	285	43	0	96.42	96.42	96.42
juego1	easy	40.0	0.008	19587	700	242	283	41	0	97.04	97.04	97.04
juego1	easy	40.0	0.008	19596	700	242	282	40	0	97.48	97.48	97.48
juego1	easy	40.0	0.008	19604	700	243	281	38	0	97.7	97.7	97.7
juego1	easy	40.0	0.008	19613	700	243	279	36	0	98.17	98.17	98.17
juego1	easy	40.0	0.008	19621	700	243	278	35	0	98.56	98.56	98.56
juego1	easy	40.0	0.008	19630	700	244	277	33	0	98.76	98.76	98.76
juego1	easy	40.0	0.008	19637	700	244	276	32	0	99.2	99.2	99.2
juego1	easy	40.0	0.008	19646	700	244	274	30	0	99.72	99.72	99.72
juego1	easy	40.0	0.008	19656	700	245	272	27	0	100.27	100.27	100.27
juego1	easy	40.0	0.008	19664	700	245	271	26	0	100.53	100.53	100.53
juego1	easy	40.0	0.008	19673	700	245	269	24	0	101.0	101.0	101.0
juego1	easy	40.0	0.008	19680	700	246	268	22	0	101.36	101.36	101.36
juego1	easy	40.0	0.008	19689	700	246	268	22	0	101.51	101.51	101.51
juego1	easy	40.0	0.008	19697	700	246	267	21	0	101.76	101.76	101.76
juego1	easy	40.0	0.008	19706	700	247	266	19	0	101.98	101.98	101.98
juego1	easy	40.0	0.008	19715	700	247	266	19	0	102.08	102.08	102.08
juego1	easy	40.0	0.008	19724	700	247	265	18	0	102.3	102.3	102.3
juego1	easy	40.0	0.008	19733	700	248	264	16	0	102.53	102.53	102.53
juego1	easy	40.0	0.008	19742	700	248	263	15	0	102.84	102.84	102.84
juego1	easy	40.0	0.008	19750	700	248	262	14	0	103.19	103.19	103.19
juego1	easy	40.0	0.008	19758	700	249	261	12	0	103.37	103.37	103.37
juego1	easy	40.0	0.008	19767	700	249	260	11	0	103.74	103.74	103.74
juego1	easy	40.0	0.008	19774	700	249	259	10	0	103.92	103.92	103.92
juego1	easy	40.0	0.008	19782	700	250	258	8	0	104.28	104.28	104.28
juego1	easy	40.0	0.008	19791	700	250	257	7	0	104.61	104.61	104.61
juego1	easy	40.0	0.008	19799	700	250	256	6	0	104.75	104.75	104.75
juego1	easy	40.0	0.008	19809	700	251	255	4	0	104.96	104.96	104.96
juego1	easy	40.0	0.008	19817	700	251	255	4	0	105.07	105.07	105.07
juego1	easy	40.0	0.008	19826	700	251	255	4	0	105.12	105.12	105.12
juego1	easy	40.0	0.008	19834	700	252	255	3	0	105.14	105.14	105.14
juego1	easy	40.0	0.008	19843	700	252	255	3	0	105.16	105.16	105.16
juego1	easy	40.0	0.008	19852	700	252	255	3	0	105.17	105.17	105.17
juego1	easy	40.0	0.008	19860	700	253	255	2	0	105.19	105.19	105.19
juego1	easy	40.0	0.008	19869	700	253	254	1	0	105.23	105.23	105.23
juego1	easy	40.0	0.008	19878	700	253	254	1	0	105.29	105.29	105.29
juego1	easy	40.0	0.008	19886	700	254	254	0	0	105.33	105.33	105.33
juego1	easy	40.0	0.008	19894	700	254	254	0	0	105.4	105.4	105.4
juego1	easy	40.0	0.008	19903	700	254	254	0	0	105.44	105.44	105.44
juego1	easy	40.0	0.008	19913	700	255	254	-1	0	105.45	105.45	105.45
juego1	easy	40.0	0.008	19921	700	255	254	-1	0	105.41	105.41	105.41
juego1	easy	40.0	0.008	19930	700	256	254	-2	0	105.37	105.37	105.37
juego1	easy	40.0	0.008	19938	700	257	254	-3	0	105.27	105.27	105.27
juego1	easy	40.0	0.008	19947	700	257	255	-2	0	105.16	105.16	105.16
juego1	easy	40.0	0.008	19955	700	258	255	-3	0	105.11	105.11	105.11
juego1	easy	40.0	0.008	19964	700	258	255	-3	0	105.01	105.01	105.01
juego1	easy	40.0	0.008	19973	700	259	255	-4	0	104.94	104.94	104.94
juego1	easy	40.0	0.008	19981	700	260	256	-4	0	104.87	104.87	104.87
juego1	easy	40.0	0.008	19990	700	260	256	-4	0	104.84	104.84	104.84
juego1	easy	40.0	0.008	19998	700	261	256	-5	0	104.75	104.75	104.75
juego1	easy	40.0	0.008	20007	700	262	257	-5	0	104.61	104.61	104.61
juego1	easy	40.0	0.008	20015	700	262	257	-5	0	104.51	104.51	104.51
juego1	easy	40.0	0.008	20024	700	263	258	-5	0	104.26	104.26	104.26
juego1	easy	40.0	0.008	20033	700	263	259	-4	0	103.92	103.92	103.92
juego1	easy	40.0	0.008	20040	700	264	260	-4	0	103.73	103.73	103.73
juego1	easy	40.0	0.008	20049	700	265	261	-4	0	103.26	103.26	103.26
juego1	easy	40.0	0.008	20056	700	265	263	-2	0	102.8	102.8	102.8
juego1	easy	40.0	0.008	20065	700	266	264	-2	0	102.59	102.59	102.59
juego1	easy	40.0	0.008	20074	700	267	265	-2	0	102.23	102.23	102.23
juego1	easy	40.0	0.008	20082	700	267	266	-1	0	101.91	101.91	101.91
juego1	easy	40.0	0.008	20091	700	268	267	-1	0	101.76	101.76	101.76
juego1	easy	40.0	0.008	20099	700	268	268	0	0	101.43	101.43	101.43
juego1	easy	40.0	0.008	20108	700	269	269	0	0	101.1	101.1	101.1
juego1	easy	40.0	0.008	20118	700	270	270	0	0	100.76	100.76	100.76
juego1	easy	40.0	0.008	20126	700	270	271	1	0	100.58	100.58	100.58
juego1	easy	40.0	0.008	20133	700	271	272	1	0	100.16	100.16	100.16
juego1	easy	40.0	0.008	20142	700	271	274	3	0	99.65	99.65	99.65
juego1	easy	40.0	0.008	20150	700	272	275	3	0	99.36	99.36	99.36
juego1	easy	40.0	0.008	20158	700	273	277	4	0	98.74	98.74	98.74
juego1	easy	40.0	0.008	20167	700	273	278	5	0	98.41	98.41	98.41
juego1	easy	40.0	0.008	20175	700	274	281	7	0	97.68	97.68	97.68
juego1	easy	40.0	0.008	20183	700	275	284	9	0	96.89	96.89	96.89
juego1	easy	40.0	0.008	20192	700	275	287	12	0	96.06	96.06	96.06
juego1	easy	40.0	0.008	20201	700	276	288	12	0	95.65	95.65	95.65
juego1	easy	40.0	0.008	20210	700	276	291	15	0	94.79	94.79	94.79
juego1	easy	40.0	0.008	20217	700	277	294	17	0	93.89	93.89	93.89
juego1	easy	40.0	0.008	20227	700	278	298	20	0	92.98	92.98	92.98
juego1	easy	40.0	0.008	20234	700	278	299	21	0	92.5	92.5	92.5
juego1	easy	40.0	0.008	20242	700	279	302	23	0	91.54	91.54	91.54
juego1	easy	40.0	0.008	20251	700	279	303	24	0	91.04	91.04	91.04
juego1	easy	40.0	0.008	20259	700	280	306	26	0	90.4	90.4	90.4
juego1	easy	40.0	0.008	20268	700	281	310	29	0	89.1	89.1	89.1
juego1	easy	40.0	0.008	20276	700	281	312	31	0	88.66	88.66	88.66
juego1	easy	40.0	0.008	20285	700	282	315	33	0	87.86	87.86	87.86
juego1	easy	40.0	0.008	20294	700	282	317	35	0	87.19	87.19	87.19
juego1	easy	40.0	0.008	20303	700	283	319	36	0	86.62	86.62	86.62
juego1	easy	40.0	0.008	20312	700	283	321	38	0	86.03	86.03	86.03
juego1	easy	40.0	0.008	20320	700	284	322	38	0	85.7	85.7	85.7
juego1	easy	40.0	0.008	20328	700	285	325	40	0	84.99	84.99	84.99
juego1	easy	40.0	0.008	20335	700	285	326	41	0	84.58	84.58	84.58
juego1	easy	40.0	0.008	20344	700	286	329	43	0	83.73	83.73	83.73
juego1	easy	40.0	0.008	20352	700	286	332	46	0	82.91	82.91	82.91
juego1	easy	40.0	0.008	20361	700	287	334	47	0	82.5	82.5	82.5
juego1	easy	40.0	0.008	20370	700	287	336	49	0	81.73	81.73	81.73
juego1	easy	40.0	0.008	20379	700	288	339	51	0	80.97	80.97	80.97
juego1	easy	40.0	0.008	20386	700	289	340	51	0	80.59	80.59	80.59
juego1	easy	40.0	0.008	20395	700	289	343	54	0	79.83	79.83	79.83
juego1	easy	40.0	0.008	20404	700	290	346	56	0	79.03	79.03	79.03
juego1	easy	40.0	0.008	20413	700	290	349	59	0	78.22	78.22	78.22
juego1	easy	40.0	0.008	20420	700	291	350	59	0	77.83	77.83	77.83
juego1	easy	40.0	0.008	20429	700	291	353	62	0	77.04	77.04	77.04
juego1	easy	40.0	0.008	20436	700	292	354	62	0	76.66	76.66	76.66
juego1	easy	40.0	0.008	20445	700	293	357	64	0	75.9	75.9	75.9
juego1	easy	40.0	0.008	20453	700	293	359	66	0	75.16	75.16	75.16
juego1	easy	40.0	0.008	20461	700	294	361	67	0	74.79	74.79	74.79
juego1	easy	40.0	0.008	20469	700	294	363	69	0	74.05	74.05	74.05
juego1	easy	40.0	0.008	20478	700	295	366	71	0	73.3	73.3	73.3
juego1	easy	40.0	0.008	20486	700	295	367	72	0	72.95	72.95	72.95
juego1	easy	40.0	0.008	20495	700	296	370	74	0	72.23	72.23	72.23
juego1	easy	40.0	0.008	20504	700	296	372	76	0	71.57	71.57	71.57
juego1	easy	40.0	0.008	20511	700	297	373	76	0	71.23	71.23	71.23
juego1	easy	40.0	0.008	20519	700	297	375	78	0	70.62	70.62	70.62
juego1	easy	40.0	0.008	20528	700	298	376	78	0	70.33	70.33	70.33
juego1	easy	40.0	0.008	20537	700	298	378	80	0	69.8	69.8	69.8
juego1	easy	40.0	0.008	20545	700	299	380	81	0	69.28	69.28	69.28
juego1	easy	40.0	0.008	20554	700	299	381	82	0	69.06	69.06	69.06
juego1	easy	40.0	0.008	20563	700	300	382	82	0	68.76	68.76	68.76
juego1	easy	40.0	0.008	20571	700	300	383	83	0	68.53	68.53	68.53
juego1	easy	40.0	0.008	20580	700	300	383	83	0	68.44	68.44	68.44
juego1	easy	40.0	0.008	20589	700	300	383	83	0	68.43	68.43	68.43
juego1	easy	40.0	0.008	20598	700	301	383	82	0	68.47	68.47	68.47
juego1	easy	40.0	0.008	20606	700	301	383	82	0	68.6	68.6	68.6
juego1	easy	40.0	0.008	20616	700	302	382	80	0	68.82	68.82	68.82
juego1	easy	40.0	0.008	20623	700	302	381	79	0	69.15	69.15	69.15
juego1	easy	40.0	0.008	20631	700	303	380	77	0	69.35	69.35	69.35
juego1	easy	40.0	0.008	20640	700	303	378	75	0	69.82	69.82	69.82
juego1	easy	40.0	0.008	20649	700	304	377	73	0	70.3	70.3	70.3
juego1	easy	40.0	0.008	20659	700	304	375	71	0	70.74	70.74	70.74
juego1	easy	40.0	0.008	20665	700	305	374	69	0	70.96	70.96	70.96
juego1	easy	40.0	0.008	20674	700	305	373	68	0	71.36	71.36	71.36
juego1	easy	40.0	0.008	20682	700	306	372	66	0	71.55	71.55	71.55
juego1	easy	40.0	0.008	20691	700	306	371	65	0	71.99	71.99	71.99
juego1	easy	40.0	0.008	20700	700	307	369	62	0	72.52	72.52	72.52
juego1	easy	40.0	0.008	20708	700	307	366	59	0	73.19	73.19	73.19
juego1	easy	40.0	0.008	20716	700	308	365	57	0	73.58	73.58	73.58
juego1	easy	40.0	0.008	20724	700	308	362	54	0	74.37	74.37	74.37
juego1	easy	40.0	0.008	20732	700	309	361	52	0	74.79	74.79	74.79
juego1	easy	40.0	0.008	20740	700	309	358	49	0	75.61	75.61	75.61
juego1	easy	40.0	0.008	20749	700	309	355	46	0	76.43	76.43	76.43
juego1	easy	40.0	0.008	20757	700	310	354	44	0	76.83	76.83	76.83
juego1	easy	40.0	0.008	20766	700	310	351	41	0	77.47	77.47	77.47
juego1	easy	40.0	0.008	20775	700	311	350	39	0	77.9	77.9	77.9
juego1	easy	40.0	0.008	20784	700	311	349	38	0	78.09	78.09	78.09
juego1	easy	40.0	0.008	20791	700	312	349	37	0	78.12	78.12	78.12
juego1	easy	40.0	0.008	20800	700	312	349	37	0	78.1	78.1	78.1
juego1	easy	40.0	0.008	20808	700	312	350	38	0	77.93	77.93	77.93
juego1	easy	40.0	0.008	20817	700	313	350	37	0	77.81	77.81	77.81
juego1	easy	40.0	0.008	20826	700	313	351	38	0	77.51	77.51	77.51
juego1	easy	40.0	0.008	20835	700	314	352	38	0	77.23	77.23	77.23
juego1	easy	40.0	0.008	20844	700	314	353	39	0	76.98	76.98	76.98
juego1	easy	40.0	0.008	20853	700	314	354	40	0	76.76	76.76	76.76
juego1	easy	40.0	0.008	20862	700	315	354	39	0	76.66	76.66	76.66
juego1	easy	40.0	0.008	20871	700	315	355	40	0	76.46	76.46	76.46
juego1	easy	40.0	0.008	20880	700	316	356	40	0	76.21	76.21	76.21
juego1	easy	40.0	0.008	20889	700	316	357	41	0	75.89	75.89	75.89
juego1	easy	40.0	0.008	20898	700	316	357	41	0	75.72	75.72	75.72
juego1	easy	40.0	0.008	20906	700	317	359	42	0	75.37	75.37	75.37
juego1	easy	40.0	0.008	20915	700	317	360	43	0	75.06	75.06	75.06
juego1	easy	40.0	0.008	20924	700	317	361	44	0	74.76	74.76	74.76
juego1	easy	40.0	0.008	20932	700	318	361	43	0	74.6	74.6	74.6
juego1	easy	40.0	0.008	20941	700	318	363	45	0	74.27	74.27	74.27
juego1	easy	40.0	0.008	20949	700	319	364	45	0	73.87	73.87	73.87
juego1	easy	40.0	0.008	20959	700	319	366	47	0	73.39	73.39	73.39
juego1	easy	40.0	0.008	20967	700	319	367	48	0	73.13	73.13	73.13
juego1	easy	40.0	0.008	20976	700	320	368	48	0	72.64	72.64	72.64
juego1	easy	40.0	0.008	20983	700	320	369	49	0	72.42	72.42	72.42
juego1	easy	40.0	0.008	20992	700	320	371	51	0	72.01	72.01	72.01
juego1	easy	40.0	0.008	21001	700	321	372	51	0	71.61	71.61	71.61
juego1	easy	40.0	0.008	21009	700	321	373	52	0	71.41	71.41	71.41
juego1	easy	40.0	0.008	21018	700	321	373	52	0	71.19	71.19	71.19
juego1	easy	40.0	0.008	21027	700	322	376	54	0	70.47	70.47	70.47
juego1	easy	40.0	0.008	21036	700	322	377	55	0	70.08	70.08	70.08
juego1	easy	40.0	0.008	21045	700	322	378	56	0	69.8	69.8	69.8
juego1	easy	40.0	0.008	21055	700	322	379	57	0	69.68	69.68	69.68
juego1	easy	40.0	0.008	21062	700	323	379	56	0	69.7	69.7	69.7
juego1	easy	40.0	0.008	21071	700	323	378	55	0	69.81	69.81	69.81
juego1	easy	40.0	0.008	21080	700	323	378	55	0	69.94	69.94	69.94
juego1	easy	40.0	0.008	21089	700	324	377	53	0	70.05	70.05	70.05
juego1	easy	40.0	0.008	21099	700	324	377	53	0	70.07	70.07	70.07
juego1	easy	40.0	0.008	21106	700	324	377	53	0	70.04	70.04	70.04
juego1	easy	40.0	0.008	21114	700	324	378	54	0	69.94	69.94	69.94
juego1	easy	40.0	0.008	21122	700	325	378	53	0	69.87	69.87	69.87
juego1	easy	40.0	0.008	21130	700	325	379	54	0	69.74	69.74	69.74
juego1	easy	40.0	0.008	21139	700	325	379	54	0	69.73	69.73	69.73
juego1	easy	40.0	0.008	21148	700	325	378	53	0	69.78	69.78	69.78
juego1	easy	40.0	0.008	21157	700	326	378	52	0	69.93	69.93	69.93
juego1	easy	40.0	0.008	21166	700	326	377	51	0	70.15	70.15	70.15
juego1	easy	40.0	0.008	21175	700	326	376	50	0	70.39	70.39	70.39
juego1	easy	40.0	0.008	21184	700	326	376	50	0	70.55	70.55	70.55
juego1	easy	40.0	0.008	21193	700	327	376	49	0	70.57	70.57	70.57
juego1	easy	40.0	0.008	21200	700	327	376	49	0	70.57	70.57	70.57
juego1	easy	40.0	0.008	21208	700	327	376	49	0	70.55	70.55	70.55
juego1	easy	40.0	0.008	21217	700	327	376	49	0	70.5	70.5	70.5
juego1	easy	40.0	0.008	21225	700	328	376	48	0	70.47	70.47	70.47
juego1	easy	40.0	0.008	21234	700	328	376	48	0	70.48	70.48	70.48
juego1	easy	40.0	0.008	21242	700	328	376	48	0	70.59	70.59	70.59
juego1	easy	40.0	0.008	21250	700	328	375	47	0	70.77	70.77	70.77
juego1	easy	40.0	0.008	21259	700	328	374	46	0	70.99	70.99	70.99
juego1	easy	40.0	0.008	21267	700	328	374	46	0	71.1	71.1	71.1
juego1	easy	40.0	0.008	21276	700	329	373	44	0	71.32	71.32	71.32
juego1	easy	40.0	0.008	21285	700	329	372	43	0	71.56	71.56	71.56
juego1	easy	40.0	0.008	21292	700	329	372	43	0	71.7	71.7	71.7
juego1	easy	40.0	0.008	21301	700	329	370	41	0	72.06	72.06	72.06
juego1	easy	40.0	0.008	21308	700	329	370	41	0	72.29	72.29	72.29
juego1	easy	40.0	0.008	21317	700	329	367	38	0	72.94	72.94	72.94
juego1	easy	40.0	0.008	21325	700	330	364	34	0	73.85	73.85	73.85
juego1	easy	40.0	0.008	21334	700	330	362	32	0	74.39	74.39	74.39
juego1	easy	40.0	0.008	21343	700	330	358	28	0	75.68	75.68	75.68
juego1	easy	40.0	0.008	21350	700	330	352	22	0	77.2	77.2	77.2
juego1	easy	40.0	0.008	21359	700	330	349	19	0	78.03	78.03	78.03
juego1	easy	40.0	0.008	21368	700	330	343	13	0	79.85	79.85	79.85
juego1	easy	40.0	0.008	21377	700	330	340	10	0	80.78	80.78	80.78
juego1	easy	40.0	0.008	21385	700	331	333	2	0	82.52	82.52	82.52
juego1	easy	40.0	0.008	21393	700	331	326	-5	0	84.61	84.61	84.61
juego1	easy	40.0	0.008	21402	700	331	320	-11	0	86.37	86.37	86.37
juego1	easy	40.0	0.008	21411	700	331	315	-16	0	87.86	87.86	87.86
juego1	easy	40.0	0.008	21419	700	331	312	-19	0	88.52	88.52	88.52
juego1	easy	40.0	0.008	21427	700	331	308	-23	0	89.61	89.61	89.61
juego1	easy	40.0	0.008	21436	700	331	305	-26	0	90.55	90.55	90.55
juego1	easy	40.0	0.008	21445	700	331	302	-29	0	91.5	91.5	91.5
juego1	easy	40.0	0.008	21453	700	331	300	-31	0	91.99	91.99	91.99
juego1	easy	40.0	0.008	21462	700	331	297	-34	0	93.06	93.06	93.06
juego1	easy	40.0	0.008	21470	700	331	293	-38	0	94.15	94.15	94.15
juego1	easy	40.0	0.008	21480	700	332	290	-42	0	95.13	95.13	95.13
juego1	easy	40.0	0.008	21487	700	332	288	-44	0	95.63	95.63	95.63
juego1	easy	40.0	0.008	21496	700	332	285	-47	0	96.57	96.57	96.57
juego1	easy	40.0	0.008	21505	700	332	282	-50	0	97.38	97.38	97.38
juego1	easy	40.0	0.008	21512	700	332	281	-51	0	97.75	97.75	97.75
juego1	easy	40.0	0.008	21521	700	332	279	-53	0	98.36	98.36	98.36
juego1	easy	40.0	0.008	21530	700	332	277	-55	0	98.86	98.86	98.86
juego1	easy	40.0	0.008	21538	700	332	276	-56	0	99.07	99.07	99.07
juego1	easy	40.0	0.008	21546	700	332	275	-57	0	99.4	99.4	99.4
juego1	easy	40.0	0.008	21555	700	332	274	-58	0	99.64	99.64	99.64
juego1	easy	40.0	0.008	21563	700	332	274	-58	0	99.72	99.72	99.72
juego1	easy	40.0	0.008	21572	700	332	273	-59	0	99.86	99.86	99.86
juego1	easy	40.0	0.008	21581	700	332	273	-59	0	99.99	99.99	99.99
juego1	easy	40.0	0.008	21589	700	332	273	-59	0	100.06	100.06	100.06
juego1	easy	40.0	0.008	21598	700	332	272	-60	0	100.17	100.17	100.17
juego1	easy	40.0	0.008	21607	700	332	272	-60	0	100.27	100.27	100.27
juego1	easy	40.0	0.008	21614	700	332	272	-60	0	100.32	100.32	100.32
juego1	easy	40.0	0.008	21623	700	332	272	-60	0	100.38	100.38	100.38
juego1	easy	40.0	0.008	21632	700	332	272	-60	0	100.35	100.35	100.35
juego1	easy	40.0	0.008	21641	700	332	272	-60	0	100.23	100.23	100.23
juego1	easy	40.0	0.008	21650	700	332	273	-59	0	99.99	99.99	99.99
juego1	easy	40.0	0.008	21659	700	332	273	-59	0	99.84	99.84	99.84
juego1	easy	40.0	0.008	21668	700	332	275	-57	0	99.5	99.5	99.5
juego1	easy	40.0	0.008	21676	700	332	276	-56	0	99.15	99.15	99.15
juego1	easy	40.0	0.008	21684	700	332	276	-56	0	98.99	98.99	98.99
juego1	easy	40.0	0.008	21693	700	331	277	-54	0	98.72	98.72	98.72
juego1	easy	40.0	0.008	21702	700	331	278	-53	0	98.55	98.55	98.55
juego1	easy	40.0	0.008	21710	700	331	278	-53	0	98.53	98.53	98.53
juego1	easy	40.0	0.008	21719	700	331	278	-53	0	98.58	98.58	98.58
juego1	easy	40.0	0.008	21727	700	331	277	-54	0	98.71	98.71	98.71
juego1	easy	40.0	0.008	21736	700	331	277	-54	0	98.91	98.91	98.91
juego1	easy	40.0	0.008	21744	700	331	276	-55	0	99.04	99.04	99.04
juego1	easy	40.0	0.008	21753	700	331	275	-56	0	99.34	99.34	99.34
juego1	easy	40.0	0.008	21761	700	331	274	-57	0	99.68	99.68	99.68
juego1	easy	40.0	0.008	21769	700	331	273	-58	0	99.86	99.86	99.86
juego1	easy	40.0	0.008	21778	700	331	272	-59	0	100.19	100.19	100.19
juego1	easy	40.0	0.008	21787	700	330	271	-59	0	100.51	100.51	100.51
juego1	easy	40.0	0.008	21795	700	330	270	-60	0	100.79	100.79	100.79
juego1	easy	40.0	0.008	21803	700	330	270	-60	0	100.9	100.9	100.9
juego1	easy	40.0	0.008	21812	700	330	269	-61	0	101.08	101.08	101.08
juego1	easy	40.0	0.008	21820	700	330	269	-61	0	101.17	101.17	101.17
juego1	easy	40.0	0.008	21829	700	330	268	-62	0	101.35	101.35	101.35
juego1	easy	40.0	0.008	21838	700	330	267	-63	0	101.61	101.61	101.61
juego1	easy	40.0	0.008	21847	700	330	266	-64	0	101.99	101.99	101.99
juego1	easy	40.0	0.008	21856	700	329	264	-65	0	102.43	102.43	102.43
juego1	easy	40.0	0.008	21863	700	329	263	-66	0	102.67	102.67	102.67
juego1	easy	40.0	0.008	21872	700	329	263	-66	0	102.92	102.92	102.92
juego1	easy	40.0	0.008	21881	700	329	261	-68	0	103.47	103.47	103.47
juego1	easy	40.0	0.008	21889	700	329	259	-70	0	104.0	104.0	104.0
juego1	easy	40.0	0.008	21897	700	328	257	-71	0	104.5	104.5	104.5
juego1	easy	40.0	0.008	21906	700	328	255	-73	0	104.97	104.97	104.97
juego1	easy	40.0	0.008	21913	700	328	255	-73	0	105.19	105.19	105.19
juego1	easy	40.0	0.008	21922	700	328	253	-75	0	105.57	105.57	105.57
juego1	easy	40.0	0.008	21930	700	328	253	-75	0	105.71	105.71	105.71
juego1	easy	40.0	0.008	21939	700	328	252	-76	0	105.91	105.91	105.91
juego1	easy	40.0	0.008	21948	700	327	252	-75	0	106.0	106.0	106.0
juego1	easy	40.0	0.008	21957	700	327	252	-75	0	106.05	106.05	106.05
juego1	easy	40.0	0.008	21966	700	327	251	-76	0	106.11	106.11	106.11
juego1	easy	40.0	0.008	21974	700	327	251	-76	0	106.14	106.14	106.14
juego1	easy	40.0	0.008	21982	700	326	251	-75	0	106.25	106.25	106.25
juego1	easy	40.0	0.008	21991	700	326	251	-75	0	106.31	106.31	106.31
juego1	easy	40.0	0.008	22000	700	326	250	-76	0	106.45	106.45	106.45
juego1	easy	40.0	0.008	22008	700	326	250	-76	0	106.53	106.53	106.53
juego1	easy	40.0	0.008	22016	700	325	250	-75	0	106.52	106.52	106.52
juego1	easy	40.0	0.008	22025	700	325	250	-75	0	106.48	106.48	106.48
juego1	easy	40.0	0.008	22033	700	325	250	-75	0	106.38	106.38	106.38
juego1	easy	40.0	0.008	22042	700	325	251	-74	0	106.27	106.27	106.27
juego1	easy	40.0	0.008	22050	700	324	251	-73	0	106.21	106.21	106.21
juego1	easy	40.0	0.008	22059	700	324	251	-73	0	106.14	106.14	106.14
juego1	easy	40.0	0.008	22068	700	324	251	-73	0	106.14	106.14	106.14
juego1	easy	40.0	0.008	22077	700	324	251	-73	0	106.15	106.15	106.15
juego1	easy	40.0	0.008	22086	700	323	251	-72	0	106.18	106.18	106.18
juego1	easy	40.0	0.008	22095	700	323	251	-72	0	106.18	106.18	106.18
juego1	easy	40.0	0.008	22103	700	323	251	-72	0	106.16	106.16	106.16
juego1	easy	40.0	0.008	22113	700	322	251	-71	0	106.09	106.09	106.09
juego1	easy	40.0	0.008	22120	700	322	252	-70	0	106.04	106.04	106.04
juego1	easy	40.0	0.008	22129	700	322	252	-70	0	105.92	105.92	105.92
juego1	easy	40.0	0.008	22136	700	322	253	-69	0	105.77	105.77	105.77
juego1	easy	40.0	0.008	22145	700	321	253	-68	0	105.7	105.7	105.7
juego1	easy	40.0	0.008	22153	700	321	253	-68	0	105.6	105.6	105.6
juego1	easy	40.0	0.008	22162	700	321	253	-68	0	105.52	105.52	105.52
juego1	easy	40.0	0.008	22170	700	320	253	-67	0	105.5	105.5	105.5
juego1	easy	40.0	0.008	22178	700	320	254	-66	0	105.46	105.46	105.46
juego1	easy	40.0	0.008	22186	700	320	254	-66	0	105.43	105.43	105.43
juego1	easy	40.0	0.008	22195	700	319	254	-65	0	105.42	105.42	105.42
juego1	easy	40.0	0.008	22203	700	319	254	-65	0	105.38	105.38	105.38
juego1	easy	40.0	0.008	22212	700	319	254	-65	0	105.36	105.36	105.36
juego1	easy	40.0	0.008	22221	700	318	254	-64	0	105.35	105.35	105.35
juego1	easy	40.0	0.008	22230	700	318	254	-64	0	105.33	105.33	105.33
juego1	easy	40.0	0.008	22238	700	318	254	-64	0	105.3	105.3	105.3
juego1	easy	40.0	0.008	22247	700	317	254	-63	0	105.26	105.26	105.26
juego1	easy	40.0	0.008	22255	700	317	254	-63	0	105.23	105.23	105.23
juego1	easy	40.0	0.008	22264	700	316	255	-61	0	105.17	105.17	105.17
juego1	easy	40.0	0.008	22273	700	316	255	-61	0	105.11	105.11	105.11
juego1	easy	40.0	0.008	22280	700	316	255	-61	0	105.08	105.08	105.08
juego1	easy	40.0	0.008	22288	700	315	255	-60	0	105.06	105.06	105.06
juego1	easy	40.0	0.008	22297	700	315	255	-60	0	105.07	105.07	105.07
juego1	easy	40.0	0.008	22305	700	314	255	-59	0	105.08	105.08	105.08
juego1	easy	40.0	0.008	22314	700	314	255	-59	0	105.09	105.09	105.09
juego1	easy	40.0	0.008	22323	700	314	255	-59	0	105.08	105.08	105.08
juego1	easy	40.0	0.008	22330	700	313	255	-58	0	105.07	105.07	105.07
juego1	easy	40.0	0.008	22339	700	313	255	-58	0	105.03	105.03	105.03
juego1	easy	40.0	0.008	22348	700	312	255	-57	0	104.99	104.99	104.99
juego1	easy	40.0	0.008	22356	700	312	255	-57	0	104.97	104.97	104.97
juego1	easy	40.0	0.008	22365	700	312	255	-57	0	104.97	104.97	104.97
juego1	easy	40.0	0.008	22373	700	311	255	-56	0	105.0	105.0	105.0
juego1	easy	40.0	0.008	22382	700	311	255	-56	0	105.05	105.05	105.05
juego1	easy	40.0	0.008	22390	700	310	255	-55	0	105.07	105.07	105.07
juego1	easy	40.0	0.008	22399	700	310	255	-55	0	105.07	105.07	105.07
juego1	easy	40.0	0.008	22407	700	309	255	-54	0	105.04	105.04	105.04
juego1	easy	40.0	0.008	22416	700	309	255	-54	0	105.01	105.01	105.01
juego1	easy	40.0	0.008	22424	700	309	255	-54	0	104.93	104.93	104.93
juego1	easy	40.0	0.008	22432	700	308	256	-52	0	104.88	104.88	104.88
juego1	easy	40.0	0.008	22441	700	308	256	-52	0	104.79	104.79	104.79
juego1	easy	40.0	0.008	22449	700	307	256	-51	0	104.75	104.75	104.75
juego1	easy	40.0	0.008	22458	700	307	256	-51	0	104.77	104.77	104.77
juego1	easy	40.0	0.008	22466	700	306	256	-50	0	104.8	104.8	104.8
juego1	easy	40.0	0.008	22475	700	306	256	-50	0	104.86	104.86	104.86
juego1	easy	40.0	0.008	22483	700	305	256	-49	0	104.9	104.9	104.9
juego1	easy	40.0	0.008	22492	700	305	256	-49	0	104.92	104.92	104.92
juego1	easy	40.0	0.008	22501	700	304	256	-48	0	104.91	104.91	104.91
juego1	easy	40.0	0.008	22508	700	304	256	-48	0	104.87	104.87	104.87
juego1	easy	40.0	0.008	22517	700	303	256	-47	0	104.81	104.81	104.81
juego1	easy	40.0	0.008	22526	700	303	256	-47	0	104.78	104.78	104.78
juego1	easy	40.0	0.008	22535	700	303	256	-47	0	104.71	104.71	104.71
juego1	easy	40.0	0.008	22544	700	302	256	-46	0	104.66	104.66	104.66
juego1	easy	40.0	0.008	22552	700	302	256	-46	0	104.64	104.64	104.64
juego1	easy	40.0	0.008	22591	700	301	256	-45	0	104.64	104.64	104.64
