game	difficulty	amplitude	velocity	time	xpos	y_computer	y_human	y_error	trial	x	y	z
juego1	easy	40.0	0.008	63328	700	283	504	221	0	4.3	4.3	4.3
juego1	easy	40.0	0.008	63330	700	283	504	221	0	4.3	4.3	4.3
juego1	easy	40.0	0.008	63339	700	283	503	220	0	4.6	4.6	4.6
juego1	easy	40.0	0.008	63348	700	282	503	221	0	4.61	4.61	4.61
juego1	easy	40.0	0.008	63357	700	282	503	221	0	4.64	4.64	4.64
juego1	easy	40.0	0.008	63366	700	281	503	222	0	4.68	4.68	4.68
juego1	easy	40.0	0.008	63375	700	281	503	222	0	4.7	4.7	4.7
juego1	easy	40.0	0.008	63383	700	281	503	222	0	4.7	4.7	4.7
juego1	easy	40.0	0.008	63392	700	280	503	223	0	4.66	4.66	4.66
juego1	easy	40.0	0.008	63401	700	280	503	223	0	4.61	4.61	4.61
juego1	easy	40.0	0.008	63411	700	279	503	224	0	4.54	4.54	4.54
juego1	easy	40.0	0.008	63419	700	279	504	225	0	4.48	4.48	4.48
juego1	easy	40.0	0.008	63428	700	278	504	226	0	4.47	4.47	4.47
juego1	easy	40.0	0.008	63437	700	278	503	225	0	4.49	4.49	4.49
juego1	easy	40.0	0.008	63445	700	278	503	225	0	4.55	4.55	4.55
juego1	easy	40.0	0.008	63454	700	277	503	226	0	4.6	4.6	4.6
juego1	easy	40.0	0.008	63462	700	277	503	226	0	4.71	4.71	4.71
juego1	easy	40.0	0.008	63471	700	276	503	227	0	4.78	4.78	4.78
juego1	easy	40.0	0.008	63480	700	276	503	227	0	4.8	4.8	4.8
juego1	easy	40.0	0.008	63489	700	275	503	228	0	4.75	4.75	4.75
juego1	easy	40.0	0.008	63497	700	275	503	228	0	4.72	4.72	4.72
juego1	easy	40.0	0.008	63506	700	275	503	228	0	4.64	4.64	4.64
juego1	easy	40.0	0.008	63515	700	274	503	229	0	4.59	4.59	4.59
juego1	easy	40.0	0.008	63524	700	274	503	229	0	4.58	4.58	4.58
juego1	easy	40.0	0.008	63533	700	273	503	230	0	4.61	4.61	4.61
juego1	easy	40.0	0.008	63542	700	273	503	230	0	4.65	4.65	4.65
juego1	easy	40.0	0.008	63551	700	273	503	230	0	4.71	4.71	4.71
juego1	easy	40.0	0.008	63561	700	272	503	231	0	4.77	4.77	4.77
juego1	easy	40.0	0.008	63570	700	272	503	231	0	4.85	4.85	4.85
juego1	easy	40.0	0.008	63578	700	271	502	231	0	4.9	4.9	4.9
juego1	easy	40.0	0.008	63587	700	271	502	231	0	5.02	5.02	5.02
juego1	easy	40.0	0.008	63595	700	270	502	232	0	5.19	5.19	5.19
juego1	easy	40.0	0.008	63603	700	270	501	231	0	5.28	5.28	5.28
juego1	easy	40.0	0.008	63612	700	270	501	231	0	5.47	5.47	5.47
juego1	easy	40.0	0.008	63620	700	269	500	231	0	5.68	5.68	5.68
juego1	easy	40.0	0.008	63628	700	269	500	231	0	5.8	5.8	5.8
juego1	easy	40.0	0.008	63636	700	268	499	231	0	6.09	6.09	6.09
juego1	easy	40.0	0.008	63644	700	268	499	231	0	6.23	6.23	6.23
juego1	easy	40.0	0.008	63653	700	268	498	230	0	6.47	6.47	6.47
juego1	easy	40.0	0.008	63662	700	267	498	231	0	6.69	6.69	6.69
juego1	easy	40.0	0.008	63671	700	267	497	230	0	7.03	7.03	7.03
juego1	easy	40.0	0.008	63681	700	266	495	229	0	7.6	7.6	7.6
juego1	easy	40.0	0.008	63689	700	266	494	228	0	7.95	7.95	7.95
juego1	easy	40.0	0.008	63697	700	266	492	226	0	8.72	8.72	8.72
juego1	easy	40.0	0.008	63706	700	265	490	225	0	9.51	9.51	9.51
juego1	easy	40.0	0.008	63714	700	265	489	224	0	9.94	9.94	9.94
juego1	easy	40.0	0.008	63724	700	264	487	223	0	10.82	10.82	10.82
juego1	easy	40.0	0.008	63732	700	264	485	221	0	11.56	11.56	11.56
juego1	easy	40.0	0.008	63740	700	264	484	220	0	11.95	11.95	11.95
juego1	easy	40.0	0.008	63749	700	263	483	220	0	12.36	12.36	12.36
juego1	easy	40.0	0.008	63758	700	263	481	218	0	12.91	12.91	12.91
juego1	easy	40.0	0.008	63766	700	262	480	218	0	13.42	13.42	13.42
juego1	easy	40.0	0.008	63774	700	262	479	217	0	13.64	13.64	13.64
juego1	easy	40.0	0.008	63783	700	262	478	216	0	14.04	14.04	14.04
juego1	easy	40.0	0.008	63791	700	261	477	216	0	14.36	14.36	14.36
juego1	easy	40.0	0.008	63800	700	261	476	215	0	14.64	14.64	14.64
juego1	easy	40.0	0.008	63807	700	260	476	216	0	14.76	14.76	14.76
juego1	easy	40.0	0.008	63816	700	260	476	216	0	14.91	14.91	14.91
juego1	easy	40.0	0.008	63824	700	260	475	215	0	15.02	15.02	15.02
juego1	easy	40.0	0.008	63832	700	259	475	216	0	15.14	15.14	15.14
juego1	easy	40.0	0.008	63839	700	259	475	216	0	15.18	15.18	15.18
juego1	easy	40.0	0.008	63848	700	259	475	216	0	15.32	15.32	15.32
juego1	easy	40.0	0.008	63857	700	258	474	216	0	15.56	15.56	15.56
juego1	easy	40.0	0.008	63866	700	258	473	215	0	15.9	15.9	15.9
juego1	easy	40.0	0.008	63875	700	257	473	216	0	16.1	16.1	16.1
juego1	easy	40.0	0.008	63883	700	257	472	215	0	16.5	16.5	16.5
juego1	easy	40.0	0.008	63892	700	257	470	213	0	16.92	16.92	16.92
juego1	easy	40.0	0.008	63900	700	256	469	213	0	17.33	17.33	17.33
juego1	easy	40.0	0.008	63908	700	256	469	213	0	17.51	17.51	17.51
juego1	easy	40.0	0.008	63917	700	256	468	212	0	17.68	17.68	17.68
juego1	easy	40.0	0.008	63926	700	255	468	213	0	17.9	17.9	17.9
juego1	easy	40.0	0.008	63935	700	255	467	212	0	18.13	18.13	18.13
juego1	easy	40.0	0.008	63944	700	255	467	212	0	18.34	18.34	18.34
juego1	easy	40.0	0.008	63953	700	254	466	212	0	18.49	18.49	18.49
juego1	easy	40.0	0.008	63962	700	254	466	212	0	18.53	18.53	18.53
juego1	easy	40.0	0.008	63971	700	253	465	212	0	18.96	18.96	18.96
juego1	easy	40.0	0.008	63979	700	253	464	211	0	19.37	19.37	19.37
juego1	easy	40.0	0.008	63988	700	253	462	209	0	20.14	20.14	20.14
juego1	easy	40.0	0.008	63997	700	252	461	209	0	20.54	20.54	20.54
juego1	easy	40.0	0.008	64006	700	252	461	209	0	20.59	20.59	20.59
juego1	easy	40.0	0.008	64014	700	252	461	209	0	20.49	20.49	20.49
juego1	easy	40.0	0.008	64023	700	251	461	210	0	20.35	20.35	20.35
juego1	easy	40.0	0.008	64032	700	251	462	211	0	20.07	20.07	20.07
juego1	easy	40.0	0.008	64042	700	251	463	212	0	19.61	19.61	19.61
juego1	easy	40.0	0.008	64050	700	250	464	214	0	19.5	19.5	19.5
juego1	easy	40.0	0.008	64060	700	250	465	215	0	19.11	19.11	19.11
juego1	easy	40.0	0.008	64068	700	250	466	216	0	18.74	18.74	18.74
juego1	easy	40.0	0.008	64077	700	249	466	217	0	18.5	18.5	18.5
juego1	easy	40.0	0.008	64087	700	249	466	217	0	18.49	18.49	18.49
juego1	easy	40.0	0.008	64095	700	249	466	217	0	18.57	18.57	18.57
juego1	easy	40.0	0.008	64103	700	248	465	217	0	18.79	18.79	18.79
juego1	easy	40.0	0.008	64112	700	248	465	217	0	18.94	18.94	18.94
juego1	easy	40.0	0.008	64122	700	248	465	217	0	19.12	19.12	19.12
juego1	easy	40.0	0.008	64130	700	247	464	217	0	19.24	19.24	19.24
juego1	easy	40.0	0.008	64137	700	247	464	217	0	19.4	19.4	19.4
juego1	easy	40.0	0.008	64145	700	247	464	217	0	19.49	19.49	19.49
juego1	easy	40.0	0.008	64154	700	247	464	217	0	19.49	19.49	19.49
juego1	easy	40.0	0.008	64163	700	246	463	217	0	19.72	19.72	19.72
juego1	easy	40.0	0.008	64172	700	246	463	217	0	19.87	19.87	19.87
juego1	easy	40.0	0.008	64181	700	246	463	217	0	19.86	19.86	19.86
juego1	easy	40.0	0.008	64190	700	245	463	218	0	19.83	19.83	19.83
juego1	easy	40.0	0.008	64197	700	245	463	218	0	19.79	19.79	19.79
juego1	easy	40.0	0.008	64207	700	245	462	217	0	19.93	19.93	19.93
juego1	easy	40.0	0.008	64214	700	244	462	218	0	20.08	20.08	20.08
juego1	easy	40.0	0.008	64224	700	244	461	217	0	20.5	20.5	20.5
juego1	easy	40.0	0.008	64231	700	244	461	217	0	20.5	20.5	20.5
juego1	easy	40.0	0.008	64239	700	244	459	215	0	21.04	21.04	21.04
juego1	easy	40.0	0.008	64248	700	243	459	216	0	21.26	21.26	21.26
juego1	easy	40.0	0.008	64257	700	243	458	215	0	21.43	21.43	21.43
juego1	easy	40.0	0.008	64265	700	243	458	215	0	21.49	21.49	21.49
juego1	easy	40.0	0.008	64274	700	242	458	216	0	21.57	21.57	21.57
juego1	easy	40.0	0.008	64282	700	242	458	216	0	21.59	21.59	21.59
juego1	easy	40.0	0.008	64292	700	242	458	216	0	21.61	21.61	21.61
juego1	easy	40.0	0.008	64300	700	242	458	216	0	21.63	21.63	21.63
juego1	easy	40.0	0.008	64307	700	241	458	217	0	21.69	21.69	21.69
juego1	easy	40.0	0.008	64316	700	241	458	217	0	21.74	21.74	21.74
juego1	easy	40.0	0.008	64325	700	241	457	216	0	21.87	21.87	21.87
juego1	easy	40.0	0.008	64334	700	241	457	216	0	22.0	22.0	22.0
juego1	easy	40.0	0.008	64343	700	240	456	216	0	22.16	22.16	22.16
juego1	easy	40.0	0.008	64352	700	240	456	216	0	22.41	22.41	22.41
juego1	easy	40.0	0.008	64360	700	240	455	215	0	22.58	22.58	22.58
juego1	easy	40.0	0.008	64369	700	240	454	214	0	22.97	22.97	22.97
juego1	easy	40.0	0.008	64378	700	239	453	214	0	23.33	23.33	23.33
juego1	easy	40.0	0.008	64387	700	239	453	214	0	23.63	23.63	23.63
juego1	easy	40.0	0.008	64396	700	239	452	213	0	23.77	23.77	23.77
juego1	easy	40.0	0.008	64405	700	239	452	213	0	23.92	23.92	23.92
juego1	easy	40.0	0.008	64414	700	239	452	213	0	23.9	23.9	23.9
juego1	easy	40.0	0.008	64422	700	238	452	214	0	23.69	23.69	23.69
juego1	easy	40.0	0.008	64430	700	238	453	215	0	23.56	23.56	23.56
juego1	easy	40.0	0.008	64438	700	238	453	215	0	23.36	23.36	23.36
juego1	easy	40.0	0.008	64445	700	238	453	215	0	23.31	23.31	23.31
juego1	easy	40.0	0.008	64455	700	237	453	216	0	23.33	23.33	23.33
juego1	easy	40.0	0.008	64463	700	237	453	216	0	23.42	23.42	23.42
juego1	easy	40.0	0.008	64472	700	237	452	215	0	24.02	24.02	24.02
juego1	easy	40.0	0.008	64481	700	237	450	213	0	24.53	24.53	24.53
juego1	easy	40.0	0.008	64490	700	237	450	213	0	24.77	24.77	24.77
juego1	easy	40.0	0.008	64498	700	236	449	213	0	25.13	25.13	25.13
juego1	easy	40.0	0.008	64505	700	236	448	212	0	25.27	25.27	25.27
juego1	easy	40.0	0.008	64513	700	236	448	212	0	25.48	25.48	25.48
juego1	easy	40.0	0.008	64523	700	236	447	211	0	25.69	25.69	25.69
juego1	easy	40.0	0.008	64531	700	236	447	211	0	25.83	25.83	25.83
juego1	easy	40.0	0.008	64541	700	235	446	211	0	26.21	26.21	26.21
juego1	easy	40.0	0.008	64549	700	235	444	209	0	26.75	26.75	26.75
juego1	easy	40.0	0.008	64557	700	235	443	208	0	27.15	27.15	27.15
juego1	easy	40.0	0.008	64566	700	235	442	207	0	27.61	27.61	27.61
juego1	easy	40.0	0.008	64574	700	235	441	206	0	28.08	28.08	28.08
juego1	easy	40.0	0.008	64581	700	235	440	205	0	28.2	28.2	28.2
juego1	easy	40.0	0.008	64590	700	234	440	206	0	28.3	28.3	28.3
juego1	easy	40.0	0.008	64599	700	234	441	207	0	28.16	28.16	28.16
juego1	easy	40.0	0.008	64608	700	234	442	208	0	27.75	27.75	27.75
juego1	easy	40.0	0.008	64618	700	234	443	209	0	27.2	27.2	27.2
juego1	easy	40.0	0.008	64626	700	234	444	210	0	26.91	26.91	26.91
juego1	easy	40.0	0.008	64635	700	234	445	211	0	26.65	26.65	26.65
juego1	easy	40.0	0.008	64645	700	233	446	213	0	26.15	26.15	26.15
juego1	easy	40.0	0.008	64652	700	233	446	213	0	26.06	26.06	26.06
juego1	easy	40.0	0.008	64662	700	233	446	213	0	26.08	26.08	26.08
juego1	easy	40.0	0.008	64670	700	233	446	213	0	26.17	26.17	26.17
juego1	easy	40.0	0.008	64679	700	233	446	213	0	26.18	26.18	26.18
juego1	easy	40.0	0.008	64687	700	233	446	213	0	26.12	26.12	26.12
juego1	easy	40.0	0.008	64695	700	233	447	214	0	25.83	25.83	25.83
juego1	easy	40.0	0.008	64704	700	233	448	215	0	25.46	25.46	25.46
juego1	easy	40.0	0.008	64713	700	232	448	216	0	25.17	25.17	25.17
juego1	easy	40.0	0.008	64721	700	232	449	217	0	25.08	25.08	25.08
juego1	easy	40.0	0.008	64730	700	232	449	217	0	24.95	24.95	24.95
juego1	easy	40.0	0.008	64739	700	232	449	217	0	24.86	24.86	24.86
juego1	easy	40.0	0.008	64747	700	232	449	217	0	24.79	24.79	24.79
juego1	easy	40.0	0.008	64755	700	232	450	218	0	24.62	24.62	24.62
juego1	easy	40.0	0.008	64763	700	232	450	218	0	24.62	24.62	24.62
juego1	easy	40.0	0.008	64773	700	232	451	219	0	24.23	24.23	24.23
juego1	easy	40.0	0.008	64781	700	232	452	220	0	23.87	23.87	23.87
juego1	easy	40.0	0.008	64789	700	231	453	222	0	23.52	23.52	23.52
juego1	easy	40.0	0.008	64797	700	231	454	223	0	23.22	23.22	23.22
juego1	easy	40.0	0.008	64806	700	231	454	223	0	23.1	23.1	23.1
juego1	easy	40.0	0.008	64815	700	231	454	223	0	22.97	22.97	22.97
juego1	easy	40.0	0.008	64825	700	231	454	223	0	22.95	22.95	22.95
juego1	easy	40.0	0.008	64833	700	231	454	223	0	23.0	23.0	23.0
juego1	easy	40.0	0.008	64841	700	231	454	223	0	23.03	23.03	23.03
juego1	easy	40.0	0.008	64850	700	231	454	223	0	23.04	23.04	23.04
juego1	easy	40.0	0.008	64860	700	231	454	223	0	22.94	22.94	22.94
juego1	easy	40.0	0.008	64868	700	231	455	224	0	22.76	22.76	22.76
juego1	easy	40.0	0.008	64876	700	231	455	224	0	22.66	22.66	22.66
juego1	easy	40.0	0.008	64886	700	231	456	225	0	22.5	22.5	22.5
juego1	easy	40.0	0.008	64894	700	231	456	225	0	22.45	22.45	22.45
juego1	easy	40.0	0.008	64903	700	231	455	224	0	22.53	22.53	22.53
juego1	easy	40.0	0.008	64911	700	231	455	224	0	22.61	22.61	22.61
juego1	easy	40.0	0.008	64919	700	231	455	224	0	22.77	22.77	22.77
juego1	easy	40.0	0.008	64926	700	230	455	225	0	22.83	22.83	22.83
juego1	easy	40.0	0.008	64935	700	230	454	224	0	22.94	22.94	22.94
juego1	easy	40.0	0.008	64944	700	230	454	224	0	22.98	22.98	22.98
juego1	easy	40.0	0.008	64952	700	230	454	224	0	22.99	22.99	22.99
juego1	easy	40.0	0.008	64961	700	230	454	224	0	22.97	22.97	22.97
juego1	easy	40.0	0.008	64969	700	230	455	225	0	22.88	22.88	22.88
juego1	easy	40.0	0.008	64977	700	230	455	225	0	22.82	22.82	22.82
juego1	easy	40.0	0.008	64986	700	230	455	225	0	22.72	22.72	22.72
juego1	easy	40.0	0.008	64995	700	230	455	225	0	22.64	22.64	22.64
juego1	easy	40.0	0.008	65004	700	230	455	225	0	22.6	22.6	22.6
juego1	easy	40.0	0.008	65013	700	230	455	225	0	22.6	22.6	22.6
juego1	easy	40.0	0.008	65022	700	230	455	225	0	22.62	22.62	22.62
juego1	easy	40.0	0.008	65031	700	230	455	225	0	22.7	22.7	22.7
juego1	easy	40.0	0.008	65040	700	230	455	225	0	22.85	22.85	22.85
juego1	easy	40.0	0.008	65048	700	230	454	224	0	23.07	23.07	23.07
juego1	easy	40.0	0.008	65057	700	230	454	224	0	23.2	23.2	23.2
juego1	easy	40.0	0.008	65065	700	230	453	223	0	23.45	23.45	23.45
juego1	easy	40.0	0.008	65074	700	230	452	222	0	23.71	23.71	23.71
juego1	easy	40.0	0.008	65083	700	230	452	222	0	24.0	24.0	24.0
juego1	easy	40.0	0.008	65092	700	230	451	221	0	24.16	24.16	24.16
juego1	easy	40.0	0.008	65101	700	230	450	220	0	24.5	24.5	24.5
juego1	easy	40.0	0.008	65110	700	230	449	219	0	24.87	24.87	24.87
juego1	easy	40.0	0.008	65119	700	231	449	218	0	25.07	25.07	25.07
juego1	easy	40.0	0.008	65127	700	231	448	217	0	25.48	25.48	25.48
juego1	easy	40.0	0.008	65135	700	231	447	216	0	25.84	25.84	25.84
juego1	easy	40.0	0.008	65143	700	231	446	215	0	26.18	26.18	26.18
juego1	easy	40.0	0.008	65152	700	231	445	214	0	26.36	26.36	26.36
juego1	easy	40.0	0.008	65159	700	231	444	213	0	26.72	26.72	26.72
juego1	easy	40.0	0.008	65168	700	231	444	213	0	26.89	26.89	26.89
juego1	easy	40.0	0.008	65177	700	231	443	212	0	27.16	27.16	27.16
juego1	easy	40.0	0.008	65186	700	231	443	212	0	27.4	27.4	27.4
juego1	easy	40.0	0.008	65194	700	231	442	211	0	27.58	27.58	27.58
juego1	easy	40.0	0.008	65203	700	231	442	211	0	27.63	27.63	27.63
juego1	easy	40.0	0.008	65210	700	231	442	211	0	27.65	27.65	27.65
juego1	easy	40.0	0.008	65220	700	231	442	211	0	27.63	27.63	27.63
juego1	easy	40.0	0.008	65228	700	231	442	211	0	27.48	27.48	27.48
juego1	easy	40.0	0.008	65236	700	231	443	212	0	27.25	27.25	27.25
juego1	easy	40.0	0.008	65245	700	232	444	212	0	26.91	26.91	26.91
juego1	easy	40.0	0.008	65252	700	232	444	212	0	26.74	26.74	26.74
juego1	easy	40.0	0.008	65261	700	232	445	213	0	26.48	26.48	26.48
juego1	easy	40.0	0.008	65269	700	232	446	214	0	26.25	26.25	26.25
juego1	easy	40.0	0.008	65277	700	232	446	214	0	26.13	26.13	26.13
juego1	easy	40.0	0.008	65286	700	232	447	215	0	25.82	25.82	25.82
juego1	easy	40.0	0.008	65294	700	232	448	216	0	25.38	25.38	25.38
juego1	easy	40.0	0.008	65303	700	232	449	217	0	25.1	25.1	25.1
juego1	easy	40.0	0.008	65312	700	232	451	219	0	24.37	24.37	24.37
juego1	easy	40.0	0.008	65320	700	232	452	220	0	23.85	23.85	23.85
juego1	easy	40.0	0.008	65329	700	233	454	221	0	23.05	23.05	23.05
juego1	easy	40.0	0.008	65337	700	233	456	223	0	22.18	22.18	22.18
juego1	easy	40.0	0.008	65346	700	233	458	225	0	21.5	21.5	21.5
juego1	easy	40.0	0.008	65354	700	233	459	226	0	21.2	21.2	21.2
juego1	easy	40.0	0.008	65363	700	233	461	228	0	20.55	20.55	20.55
juego1	easy	40.0	0.008	65372	700	233	463	230	0	19.73	19.73	19.73
juego1	easy	40.0	0.008	65379	700	233	466	233	0	18.76	18.76	18.76
juego1	easy	40.0	0.008	65388	700	234	467	233	0	18.23	18.23	18.23
juego1	easy	40.0	0.008	65396	700	234	468	234	0	17.65	17.65	17.65
juego1	easy	40.0	0.008	65404	700	234	472	238	0	16.51	16.51	16.51
juego1	easy	40.0	0.008	65413	700	234	474	240	0	15.39	15.39	15.39
juego1	easy	40.0	0.008	65421	700	234	477	243	0	14.36	14.36	14.36
juego1	easy	40.0	0.008	65428	700	234	478	244	0	13.91	13.91	13.91
juego1	easy	40.0	0.008	65437	700	234	481	247	0	12.94	12.94	12.94
juego1	easy	40.0	0.008	65446	700	235	484	249	0	11.78	11.78	11.78
juego1	easy	40.0	0.008	65453	700	235	486	251	0	11.17	11.17	11.17
juego1	easy	40.0	0.008	65462	700	235	489	254	0	9.91	9.91	9.91
juego1	easy	40.0	0.008	65470	700	235	491	256	0	9.32	9.32	9.32
juego1	easy	40.0	0.008	65478	700	235	494	259	0	8.2	8.2	8.2
juego1	easy	40.0	0.008	65486	700	235	497	262	0	7.06	7.06	7.06
juego1	easy	40.0	0.008	65495	700	236	499	263	0	5.99	5.99	5.99
juego1	easy	40.0	0.008	65503	700	236	501	265	0	5.47	5.47	5.47
juego1	easy	40.0	0.008	65512	700	236	503	267	0	4.58	4.58	4.58
juego1	easy	40.0	0.008	65520	700	236	505	269	0	3.76	3.76	3.76
juego1	easy	40.0	0.008	65529	700	236	507	271	0	3.35	3.35	3.35
juego1	easy	40.0	0.008	65538	700	237	509	272	0	2.48	2.48	2.48
juego1	easy	40.0	0.008	65546	700	237	511	274	0	1.52	1.52	1.52
juego1	easy	40.0	0.008	65554	700	237	513	276	0	1.08	1.08	1.08
juego1	easy	40.0	0.008	65562	700	237	515	278	0	0.34	0.34	0.34
juego1	easy	40.0	0.008	65571	700	237	516	279	0	-0.07	-0.07	-0.07
juego1	easy	40.0	0.008	65580	700	238	516	278	0	-0.24	-0.24	-0.24
juego1	easy	40.0	0.008	65588	700	238	516	278	0	-0.32	-0.32	-0.32
juego1	easy	40.0	0.008	65596	700	238	517	279	0	-0.59	-0.59	-0.59
juego1	easy	40.0	0.008	65605	700	238	518	280	0	-1.04	-1.04	-1.04
juego1	easy	40.0	0.008	65612	700	239	519	280	0	-1.27	-1.27	-1.27
juego1	easy	40.0	0.008	65621	700	239	520	281	0	-1.67	-1.67	-1.67
juego1	easy	40.0	0.008	65629	700	239	520	281	0	-1.83	-1.83	-1.83
juego1	easy	40.0	0.008	65638	700	239	520	281	0	-1.83	-1.83	-1.83
juego1	easy	40.0	0.008	65647	700	240	522	282	0	-2.3	-2.3	-2.3
juego1	easy	40.0	0.008	65655	700	240	522	282	0	-2.57	-2.57	-2.57
juego1	easy	40.0	0.008	65663	700	240	523	283	0	-2.7	-2.7	-2.7
juego1	easy	40.0	0.008	65672	700	240	523	283	0	-2.91	-2.91	-2.91
juego1	easy	40.0	0.008	65679	700	240	523	283	0	-2.97	-2.97	-2.97
juego1	easy	40.0	0.008	65687	700	241	523	282	0	-3.0	-3.0	-3.0
juego1	easy	40.0	0.008	65695	700	241	523	282	0	-3.01	-3.01	-3.01
juego1	easy	40.0	0.008	65703	700	241	523	282	0	-3.01	-3.01	-3.01
juego1	easy	40.0	0.008	65712	700	242	524	282	0	-3.05	-3.05	-3.05
juego1	easy	40.0	0.008	65720	700	242	524	282	0	-3.12	-3.12	-3.12
juego1	easy	40.0	0.008	65728	700	242	524	282	0	-3.16	-3.16	-3.16
juego1	easy	40.0	0.008	65737	700	242	524	282	0	-3.23	-3.23	-3.23
juego1	easy	40.0	0.008	65745	700	243	524	281	0	-3.26	-3.26	-3.26
juego1	easy	40.0	0.008	65754	700	243	524	281	0	-3.25	-3.25	-3.25
juego1	easy	40.0	0.008	65763	700	243	524	281	0	-3.11	-3.11	-3.11
juego1	easy	40.0	0.008	65771	700	243	523	280	0	-2.77	-2.77	-2.77
juego1	easy	40.0	0.008	65778	700	244	522	278	0	-2.52	-2.52	-2.52
juego1	easy	40.0	0.008	65787	700	244	521	277	0	-1.92	-1.92	-1.92
juego1	easy	40.0	0.008	65796	700	244	519	275	0	-1.23	-1.23	-1.23
juego1	easy	40.0	0.008	65805	700	245	517	272	0	-0.44	-0.44	-0.44
juego1	easy	40.0	0.008	65813	700	245	515	270	0	0.01	0.01	0.01
juego1	easy	40.0	0.008	65822	700	245	512	267	0	1.21	1.21	1.21
juego1	easy	40.0	0.008	65831	700	245	508	263	0	2.73	2.73	2.73
juego1	easy	40.0	0.008	65839	700	246	506	260	0	3.58	3.58	3.58
juego1	easy	40.0	0.008	65846	700	246	501	255	0	5.51	5.51	5.51
juego1	easy	40.0	0.008	65854	700	246	498	252	0	6.57	6.57	6.57
juego1	easy	40.0	0.008	65863	700	247	492	245	0	8.91	8.91	8.91
juego1	easy	40.0	0.008	65872	700	247	485	238	0	11.46	11.46	11.46
juego1	easy	40.0	0.008	65879	700	247	482	235	0	12.67	12.67	12.67
juego1	easy	40.0	0.008	65887	700	248	476	228	0	14.83	14.83	14.83
juego1	easy	40.0	0.008	65896	700	248	472	224	0	16.36	16.36	16.36
juego1	easy	40.0	0.008	65904	700	248	471	223	0	16.86	16.86	16.86
juego1	easy	40.0	0.008	65912	700	249	469	220	0	17.33	17.33	17.33
juego1	easy	40.0	0.008	65921	700	249	469	220	0	17.28	17.28	17.28
juego1	easy	40.0	0.008	65929	700	249	470	221	0	17.1	17.1	17.1
juego1	easy	40.0	0.008	65938	700	249	470	221	0	17.1	17.1	17.1
juego1	easy	40.0	0.008	65947	700	250	472	222	0	16.42	16.42	16.42
juego1	easy	40.0	0.008	65956	700	250	473	223	0	15.89	15.89	15.89
juego1	easy	40.0	0.008	65966	700	250	473	223	0	15.77	15.77	15.77
juego1	easy	40.0	0.008	65974	700	251	473	222	0	15.8	15.8	15.8
juego1	easy	40.0	0.008	65982	700	251	473	222	0	16.02	16.02	16.02
juego1	easy	40.0	0.008	65991	700	251	472	221	0	16.36	16.36	16.36
juego1	easy	40.0	0.008	65999	700	252	472	220	0	16.36	16.36	16.36
juego1	easy	40.0	0.008	66008	700	252	471	219	0	16.62	16.62	16.62
juego1	easy	40.0	0.008	66017	700	253	471	218	0	16.52	16.52	16.52
juego1	easy	40.0	0.008	66026	700	253	472	219	0	16.34	16.34	16.34
juego1	easy	40.0	0.008	66034	700	253	472	219	0	16.29	16.29	16.29
juego1	easy	40.0	0.008	66043	700	254	472	218	0	16.21	16.21	16.21
juego1	easy	40.0	0.008	66052	700	254	473	219	0	16.09	16.09	16.09
juego1	easy	40.0	0.008	66061	700	254	473	219	0	15.91	15.91	15.91
juego1	easy	40.0	0.008	66068	700	255	473	218	0	15.8	15.8	15.8
juego1	easy	40.0	0.008	66077	700	255	474	219	0	15.69	15.69	15.69
juego1	easy	40.0	0.008	66086	700	255	474	219	0	15.43	15.43	15.43
juego1	easy	40.0	0.008	66094	700	256	474	218	0	15.43	15.43	15.43
juego1	easy	40.0	0.008	66104	700	256	474	218	0	15.57	15.57	15.57
juego1	easy	40.0	0.008	66112	700	256	473	217	0	15.83	15.83	15.83
juego1	easy	40.0	0.008	66121	700	257	473	216	0	16.08	16.08	16.08
juego1	easy	40.0	0.008	66129	700	257	472	215	0	16.17	16.17	16.17
juego1	easy	40.0	0.008	66137	700	258	472	214	0	16.23	16.23	16.23
juego1	easy	40.0	0.008	66145	700	258	472	214	0	16.2	16.2	16.2
juego1	easy	40.0	0.008	66155	700	258	473	215	0	16.05	16.05	16.05
juego1	easy	40.0	0.008	66163	700	259	473	214	0	15.92	15.92	15.92
juego1	easy	40.0	0.008	66172	700	259	473	214	0	15.9	15.9	15.9
juego1	easy	40.0	0.008	66180	700	259	473	214	0	15.93	15.93	15.93
juego1	easy	40.0	0.008	66189	700	260	473	213	0	16.04	16.04	16.04
juego1	easy	40.0	0.008	66198	700	260	472	212	0	16.19	16.19	16.19
juego1	easy	40.0	0.008	66207	700	261	472	211	0	16.35	16.35	16.35
juego1	easy	40.0	0.008	66215	700	261	472	211	0	16.38	16.38	16.38
juego1	easy	40.0	0.008	66224	700	261	472	211	0	16.39	16.39	16.39
juego1	easy	40.0	0.008	66233	700	262	472	210	0	16.33	16.33	16.33
juego1	easy	40.0	0.008	66242	700	262	472	210	0	16.21	16.21	16.21
juego1	easy	40.0	0.008	66251	700	263	472	209	0	16.16	16.16	16.16
juego1	easy	40.0	0.008	66261	700	263	472	209	0	16.16	16.16	16.16
juego1	easy	40.0	0.008	66269	700	263	472	209	0	16.25	16.25	16.25
juego1	easy	40.0	0.008	66278	700	264	472	208	0	16.42	16.42	16.42
juego1	easy	40.0	0.008	66286	700	264	471	207	0	16.58	16.58	16.58
juego1	easy	40.0	0.008	66295	700	264	471	207	0	16.63	16.63	16.63
juego1	easy	40.0	0.008	66304	700	265	471	206	0	16.66	16.66	16.66
juego1	easy	40.0	0.008	66313	700	265	471	206	0	16.57	16.57	16.57
juego1	easy	40.0	0.008	66322	700	266	472	206	0	16.42	16.42	16.42
juego1	easy	40.0	0.008	66332	700	266	472	206	0	16.31	16.31	16.31
juego1	easy	40.0	0.008	66340	700	266	472	206	0	16.32	16.32	16.32
juego1	easy	40.0	0.008	66349	700	267	472	205	0	16.43	16.43	16.43
juego1	easy	40.0	0.008	66357	700	267	471	204	0	16.64	16.64	16.64
juego1	easy	40.0	0.008	66365	700	268	471	203	0	16.75	16.75	16.75
juego1	easy	40.0	0.008	66373	700	268	470	202	0	16.92	16.92	16.92
juego1	easy	40.0	0.008	66382	700	269	470	201	0	17.05	17.05	17.05
juego1	easy	40.0	0.008	66390	700	269	470	201	0	17.12	17.12	17.12
juego1	easy	40.0	0.008	66399	700	269	470	201	0	17.21	17.21	17.21
juego1	easy	40.0	0.008	66408	700	270	470	200	0	17.24	17.24	17.24
juego1	easy	40.0	0.008	66415	700	270	470	200	0	17.24	17.24	17.24
juego1	easy	40.0	0.008	66423	700	271	470	199	0	17.23	17.23	17.23
juego1	easy	40.0	0.008	66432	700	271	469	198	0	17.28	17.28	17.28
juego1	easy	40.0	0.008	66439	700	271	469	198	0	17.34	17.34	17.34
juego1	easy	40.0	0.008	66448	700	272	469	197	0	17.51	17.51	17.51
juego1	easy	40.0	0.008	66456	700	272	468	196	0	17.64	17.64	17.64
juego1	easy	40.0	0.008	66464	700	273	468	195	0	17.91	17.91	17.91
juego1	easy	40.0	0.008	66472	700	273	467	194	0	18.16	18.16	18.16
juego1	easy	40.0	0.008	66481	700	273	467	194	0	18.27	18.27	18.27
juego1	easy	40.0	0.008	66490	700	274	467	193	0	18.38	18.38	18.38
juego1	easy	40.0	0.008	66499	700	274	467	193	0	18.38	18.38	18.38
juego1	easy	40.0	0.008	66508	700	275	467	192	0	18.31	18.31	18.31
juego1	easy	40.0	0.008	66516	700	275	467	192	0	18.26	18.26	18.26
juego1	easy	40.0	0.008	66525	700	276	467	191	0	18.24	18.24	18.24
juego1	easy	40.0	0.008	66534	700	276	467	191	0	18.3	18.3	18.3
juego1	easy	40.0	0.008	66542	700	276	466	190	0	18.45	18.45	18.45
juego1	easy	40.0	0.008	66551	700	277	466	189	0	18.57	18.57	18.57
juego1	easy	40.0	0.008	66560	700	277	465	188	0	18.89	18.89	18.89
juego1	easy	40.0	0.008	66569	700	278	464	186	0	19.2	19.2	19.2
juego1	easy	40.0	0.008	66577	700	278	464	186	0	19.44	19.44	19.44
juego1	easy	40.0	0.008	66586	700	279	463	184	0	19.52	19.52	19.52
juego1	easy	40.0	0.008	66595	700	279	463	184	0	19.64	19.64	19.64
juego1	easy	40.0	0.008	66604	700	279	463	184	0	19.77	19.77	19.77
juego1	easy	40.0	0.008	66613	700	280	462	182	0	19.92	19.92	19.92
juego1	easy	40.0	0.008	66622	700	280	462	182	0	20.11	20.11	20.11
juego1	easy	40.0	0.008	66631	700	281	462	181	0	20.25	20.25	20.25
juego1	easy	40.0	0.008	66640	700	281	461	180	0	20.61	20.61	20.61
juego1	easy	40.0	0.008	66648	700	282	459	177	0	21.14	21.14	21.14
juego1	easy	40.0	0.008	66656	700	282	458	176	0	21.45	21.45	21.45
juego1	easy	40.0	0.008	66665	700	282	457	175	0	21.93	21.93	21.93
juego1	easy	40.0	0.008	66673	700	283	454	171	0	23.01	23.01	23.01
juego1	easy	40.0	0.008	66682	700	283	452	169	0	23.98	23.98	23.98
juego1	easy	40.0	0.008	66690	700	284	450	166	0	24.43	24.43	24.43
juego1	easy	40.0	0.008	66699	700	284	448	164	0	25.22	25.22	25.22
juego1	easy	40.0	0.008	66708	700	285	447	162	0	25.69	25.69	25.69
juego1	easy	40.0	0.008	66716	700	285	447	162	0	25.69	25.69	25.69
juego1	easy	40.0	0.008	66725	700	286	447	161	0	25.59	25.59	25.59
juego1	easy	40.0	0.008	66733	700	286	449	163	0	25.01	25.01	25.01
juego1	easy	40.0	0.008	66743	700	287	452	165	0	23.98	23.98	23.98
juego1	easy	40.0	0.008	66750	700	287	454	167	0	23.24	23.24	23.24
juego1	easy	40.0	0.008	66759	700	288	456	168	0	22.43	22.43	22.43
juego1	easy	40.0	0.008	66767	700	288	463	175	0	19.76	19.76	19.76
juego1	easy	40.0	0.008	66776	700	289	465	176	0	18.86	18.86	18.86
juego1	easy	40.0	0.008	66785	700	290	469	179	0	17.27	17.27	17.27
juego1	easy	40.0	0.008	66793	700	290	471	181	0	16.53	16.53	16.53
juego1	easy	40.0	0.008	66801	700	291	473	182	0	15.86	15.86	15.86
juego1	easy	40.0	0.008	66809	700	291	478	187	0	14.16	14.16	14.16
juego1	easy	40.0	0.008	66818	700	292	481	189	0	13.06	13.06	13.06
juego1	easy	40.0	0.008	66825	700	292	482	190	0	12.39	12.39	12.39
juego1	easy	40.0	0.008	66833	700	293	485	192	0	11.54	11.54	11.54
juego1	easy	40.0	0.008	66841	700	293	490	197	0	9.43	9.43	9.43
juego1	easy	40.0	0.008	66850	700	294	497	203	0	6.92	6.92	6.92
juego1	easy	40.0	0.008	66859	700	294	504	210	0	4.44	4.44	4.44
juego1	easy	40.0	0.008	66867	700	295	509	214	0	2.39	2.39	2.39
juego1	easy	40.0	0.008	66875	700	295	511	216	0	1.64	1.64	1.64
juego1	easy	40.0	0.008	66883	700	296	513	217	0	1.05	1.05	1.05
juego1	easy	40.0	0.008	66892	700	296	515	219	0	0.14	0.14	0.14
juego1	easy	40.0	0.008	66900	700	297	517	220	0	-0.74	-0.74	-0.74
juego1	easy	40.0	0.008	66909	700	297	520	223	0	-1.87	-1.87	-1.87
juego1	easy	40.0	0.008	66918	700	298	524	226	0	-3.19	-3.19	-3.19
juego1	easy	40.0	0.008	66926	700	298	526	228	0	-3.9	-3.9	-3.9
juego1	easy	40.0	0.008	66935	700	299	529	230	0	-5.23	-5.23	-5.23
juego1	easy	40.0	0.008	66944	700	300	533	233	0	-6.46	-6.46	-6.46
juego1	easy	40.0	0.008	66953	700	300	536	236	0	-7.56	-7.56	-7.56
juego1	easy	40.0	0.008	66962	700	300	537	237	0	-8.03	-8.03	-8.03
juego1	easy	40.0	0.008	66969	700	300	539	239	0	-8.81	-8.81	-8.81
juego1	easy	40.0	0.008	66978	700	301	541	240	0	-9.45	-9.45	-9.45
juego1	easy	40.0	0.008	66987	700	301	541	240	0	-9.75	-9.75	-9.75
juego1	easy	40.0	0.008	66996	700	302	543	241	0	-10.41	-10.41	-10.41
juego1	easy	40.0	0.008	67005	700	302	545	243	0	-11.14	-11.14	-11.14
juego1	easy	40.0	0.008	67014	700	303	547	244	0	-11.8	-11.8	-11.8
juego1	easy	40.0	0.008	67022	700	303	548	245	0	-12.1	-12.1	-12.1
juego1	easy	40.0	0.008	67030	700	304	549	245	0	-12.66	-12.66	-12.66
juego1	easy	40.0	0.008	67039	700	304	550	246	0	-12.91	-12.91	-12.91
juego1	easy	40.0	0.008	67047	700	305	551	246	0	-13.31	-13.31	-13.31
juego1	easy	40.0	0.008	67055	700	305	552	247	0	-13.65	-13.65	-13.65
juego1	easy	40.0	0.008	67064	700	306	552	246	0	-13.77	-13.77	-13.77
juego1	easy	40.0	0.008	67073	700	306	552	246	0	-13.76	-13.76	-13.76
juego1	easy	40.0	0.008	67083	700	307	552	245	0	-13.74	-13.74	-13.74
juego1	easy	40.0	0.008	67090	700	307	552	245	0	-13.75	-13.75	-13.75
juego1	easy	40.0	0.008	67099	700	308	552	244	0	-13.83	-13.83	-13.83
juego1	easy	40.0	0.008	67107	700	308	552	244	0	-13.91	-13.91	-13.91
juego1	easy	40.0	0.008	67116	700	309	553	244	0	-14.08	-14.08	-14.08
juego1	easy	40.0	0.008	67125	700	309	553	244	0	-14.23	-14.23	-14.23
juego1	easy	40.0	0.008	67134	700	310	554	244	0	-14.37	-14.37	-14.37
juego1	easy	40.0	0.008	67142	700	310	554	244	0	-14.42	-14.42	-14.42
juego1	easy	40.0	0.008	67150	700	311	554	243	0	-14.47	-14.47	-14.47
juego1	easy	40.0	0.008	67158	700	311	554	243	0	-14.44	-14.44	-14.44
juego1	easy	40.0	0.008	67167	700	312	554	242	0	-14.43	-14.43	-14.43
juego1	easy	40.0	0.008	67175	700	312	554	242	0	-14.41	-14.41	-14.41
juego1	easy	40.0	0.008	67183	700	313	554	241	0	-14.4	-14.4	-14.4
juego1	easy	40.0	0.008	67191	700	313	554	241	0	-14.4	-14.4	-14.4
juego1	easy	40.0	0.008	67200	700	313	554	241	0	-14.39	-14.39	-14.39
juego1	easy	40.0	0.008	67208	700	314	554	240	0	-14.36	-14.36	-14.36
juego1	easy	40.0	0.008	67216	700	314	554	240	0	-14.32	-14.32	-14.32
juego1	easy	40.0	0.008	67224	700	315	553	238	0	-14.21	-14.21	-14.21
juego1	easy	40.0	0.008	67232	700	315	553	238	0	-14.12	-14.12	-14.12
juego1	easy	40.0	0.008	67240	700	316	552	236	0	-13.93	-13.93	-13.93
juego1	easy	40.0	0.008	67248	700	316	552	236	0	-13.72	-13.72	-13.72
juego1	easy	40.0	0.008	67257	700	317	552	235	0	-13.62	-13.62	-13.62
juego1	easy	40.0	0.008	67266	700	317	551	234	0	-13.44	-13.44	-13.44
juego1	easy	40.0	0.008	67274	700	318	551	233	0	-13.3	-13.3	-13.3
juego1	easy	40.0	0.008	67282	700	318	551	233	0	-13.25	-13.25	-13.25
juego1	easy	40.0	0.008	67291	700	319	550	231	0	-13.15	-13.15	-13.15
juego1	easy	40.0	0.008	67299	700	319	550	231	0	-13.05	-13.05	-13.05
juego1	easy	40.0	0.008	67308	700	319	550	231	0	-12.87	-12.87	-12.87
juego1	easy	40.0	0.008	67317	700	320	549	229	0	-12.75	-12.75	-12.75
juego1	easy	40.0	0.008	67326	700	320	548	228	0	-12.42	-12.42	-12.42
juego1	easy	40.0	0.008	67335	700	321	547	226	0	-12.01	-12.01	-12.01
juego1	easy	40.0	0.008	67343	700	321	546	225	0	-11.55	-11.55	-11.55
juego1	easy	40.0	0.008	67352	700	322	546	224	0	-11.31	-11.31	-11.31
juego1	easy	40.0	0.008	67360	700	322	545	223	0	-11.07	-11.07	-11.07
juego1	easy	40.0	0.008	67369	700	323	544	221	0	-10.64	-10.64	-10.64
juego1	easy	40.0	0.008	67378	700	323	542	219	0	-10.12	-10.12	-10.12
juego1	easy	40.0	0.008	67386	700	323	541	218	0	-9.64	-9.64	-9.64
juego1	easy	40.0	0.008	67395	700	324	540	216	0	-9.08	-9.08	-9.08
juego1	easy	40.0	0.008	67404	700	324	538	214	0	-8.39	-8.39	-8.39
juego1	easy	40.0	0.008	67413	700	325	537	212	0	-7.99	-7.99	-7.99
juego1	easy	40.0	0.008	67421	700	325	534	209	0	-7.07	-7.07	-7.07
juego1	easy	40.0	0.008	67429	700	325	531	206	0	-6.04	-6.04	-6.04
juego1	easy	40.0	0.008	67438	700	326	530	204	0	-5.49	-5.49	-5.49
juego1	easy	40.0	0.008	67445	700	326	527	201	0	-4.48	-4.48	-4.48
juego1	easy	40.0	0.008	67453	700	327	526	199	0	-4.01	-4.01	-4.01
juego1	easy	40.0	0.008	67461	700	327	525	198	0	-3.54	-3.54	-3.54
juego1	easy	40.0	0.008	67469	700	327	522	195	0	-2.42	-2.42	-2.42
juego1	easy	40.0	0.008	67478	700	328	519	191	0	-1.2	-1.2	-1.2
juego1	easy	40.0	0.008	67486	700	328	516	188	0	-0.06	-0.06	-0.06
juego1	easy	40.0	0.008	67495	700	329	513	184	0	1.04	1.04	1.04
juego1	easy	40.0	0.008	67504	700	329	510	181	0	1.97	1.97	1.97
juego1	easy	40.0	0.008	67512	700	329	509	180	0	2.37	2.37	2.37
juego1	easy	40.0	0.008	67520	700	330	508	178	0	2.74	2.74	2.74
juego1	easy	40.0	0.008	67528	700	330	507	177	0	3.35	3.35	3.35
juego1	easy	40.0	0.008	67537	700	331	505	174	0	3.93	3.93	3.93
juego1	easy	40.0	0.008	67545	700	331	503	172	0	4.65	4.65	4.65
juego1	easy	40.0	0.008	67554	700	331	502	171	0	5.05	5.05	5.05
juego1	easy	40.0	0.008	67562	700	332	500	168	0	5.95	5.95	5.95
juego1	easy	40.0	0.008	67571	700	332	497	165	0	6.91	6.91	6.91
juego1	easy	40.0	0.008	67579	700	332	495	163	0	7.76	7.76	7.76
juego1	easy	40.0	0.008	67588	700	333	494	161	0	8.12	8.12	8.12
juego1	easy	40.0	0.008	67597	700	333	494	161	0	8.12	8.12	8.12
juego1	easy	40.0	0.008	67604	700	333	491	158	0	9.02	9.02	9.02
juego1	easy	40.0	0.008	67613	700	334	490	156	0	9.43	9.43	9.43
juego1	easy	40.0	0.008	67622	700	334	489	155	0	9.98	9.98	9.98
juego1	easy	40.0	0.008	67631	700	334	488	154	0	10.49	10.49	10.49
juego1	easy	40.0	0.008	67639	700	335	486	151	0	11.04	11.04	11.04
juego1	easy	40.0	0.008	67647	700	335	485	150	0	11.29	11.29	11.29
juego1	easy	40.0	0.008	67656	700	335	484	149	0	11.76	11.76	11.76
juego1	easy	40.0	0.008	67665	700	336	483	147	0	12.17	12.17	12.17
juego1	easy	40.0	0.008	67672	700	336	483	147	0	12.35	12.35	12.35
juego1	easy	40.0	0.008	67681	700	336	482	146	0	12.5	12.5	12.5
juego1	easy	40.0	0.008	67690	700	337	482	145	0	12.72	12.72	12.72
juego1	easy	40.0	0.008	67699	700	337	481	144	0	12.91	12.91	12.91
juego1	easy	40.0	0.008	67707	700	337	481	144	0	13.02	13.02	13.02
juego1	easy	40.0	0.008	67715	700	338	481	143	0	13.09	13.09	13.09
juego1	easy	40.0	0.008	67724	700	338	480	142	0	13.16	13.16	13.16
juego1	easy	40.0	0.008	67733	700	338	480	142	0	13.21	13.21	13.21
juego1	easy	40.0	0.008	67742	700	339	480	141	0	13.37	13.37	13.37
juego1	easy	40.0	0.008	67751	700	339	479	140	0	13.57	13.57	13.57
juego1	easy	40.0	0.008	67759	700	339	479	140	0	13.66	13.66	13.66
juego1	easy	40.0	0.008	67767	700	339	479	140	0	13.82	13.82	13.82
juego1	easy	40.0	0.008	67775	700	340	478	138	0	13.92	13.92	13.92
juego1	easy	40.0	0.008	67783	700	340	478	138	0	13.95	13.95	13.95
juego1	easy	40.0	0.008	67792	700	340	478	138	0	13.98	13.98	13.98
juego1	easy	40.0	0.008	67800	700	340	478	138	0	14.05	14.05	14.05
juego1	easy	40.0	0.008	67810	700	341	478	137	0	14.15	14.15	14.15
juego1	easy	40.0	0.008	67818	700	341	478	137	0	14.22	14.22	14.22
juego1	easy	40.0	0.008	67827	700	341	477	136	0	14.38	14.38	14.38
juego1	easy	40.0	0.008	67835	700	341	477	136	0	14.5	14.5	14.5
juego1	easy	40.0	0.008	67844	700	342	477	135	0	14.53	14.53	14.53
juego1	easy	40.0	0.008	67853	700	342	477	135	0	14.51	14.51	14.51
juego1	easy	40.0	0.008	67861	700	342	477	135	0	14.42	14.42	14.42
juego1	easy	40.0	0.008	67870	700	342	478	136	0	14.25	14.25	14.25
juego1	easy	40.0	0.008	67880	700	343	478	135	0	14.16	14.16	14.16
