game	difficulty	amplitude	velocity	time	xpos	y_computer	y_human	y_error	trial	x	y	z
juego3	easy	0.0	0.008	3	400	233	338	105	0	2.15	2.15	2.15
juego3	easy	0.0	0.008	9	400	233	338	105	0	2.14	2.14	2.14
juego3	easy	0.0	0.008	16	400	233	338	105	0	2.13	2.13	2.13
juego3	easy	0.0	0.008	24	400	233	338	105	0	2.07	2.07	2.07
juego3	easy	0.0	0.008	33	400	233	338	105	0	1.97	1.97	1.97
juego3	easy	0.0	0.008	42	400	233	338	105	0	1.89	1.89	1.89
juego3	easy	0.0	0.008	51	400	233	339	106	0	1.7	1.7	1.7
juego3	easy	0.0	0.008	61	400	233	339	106	0	1.44	1.44	1.44
juego3	easy	0.0	0.008	70	400	233	340	107	0	1.12	1.12	1.12
juego3	easy	0.0	0.008	78	400	233	341	108	0	0.94	0.94	0.94
juego3	easy	0.0	0.008	87	400	233	341	108	0	0.57	0.57	0.57
juego3	easy	0.0	0.008	94	400	233	342	109	0	0.2	0.2	0.2
juego3	easy	0.0	0.008	104	400	233	343	110	0	-0.12	-0.12	-0.12
juego3	easy	0.0	0.008	111	400	233	344	111	0	-0.25	-0.25	-0.25
juego3	easy	0.0	0.008	121	400	233	344	111	0	-0.45	-0.45	-0.45
juego3	easy	0.0	0.008	128	400	233	344	111	0	-0.55	-0.55	-0.55
juego3	easy	0.0	0.008	137	400	233	344	111	0	-0.61	-0.61	-0.61
juego3	easy	0.0	0.008	146	400	233	344	111	0	-0.62	-0.62	-0.62
juego3	easy	0.0	0.008	155	400	233	345	112	0	-0.63	-0.63	-0.63
juego3	easy	0.0	0.008	165	400	233	345	112	0	-0.7	-0.7	-0.7
juego3	easy	0.0	0.008	174	400	233	345	112	0	-0.77	-0.77	-0.77
juego3	easy	0.0	0.008	182	400	233	345	112	0	-0.83	-0.83	-0.83
juego3	easy	0.0	0.008	189	400	233	345	112	0	-0.89	-0.89	-0.89
juego3	easy	0.0	0.008	198	400	233	345	112	0	-1.02	-1.02	-1.02
juego3	easy	0.0	0.008	207	400	233	346	113	0	-1.12	-1.12	-1.12
juego3	easy	0.0	0.008	216	400	233	346	113	0	-1.28	-1.28	-1.28
juego3	easy	0.0	0.008	225	400	233	347	114	0	-1.51	-1.51	-1.51
juego3	easy	0.0	0.008	234	400	233	347	114	0	-1.74	-1.74	-1.74
juego3	easy	0.0	0.008	243	400	233	348	115	0	-1.93	-1.93	-1.93
juego3	easy	0.0	0.008	252	400	233	348	115	0	-2.0	-2.0	-2.0
juego3	easy	0.0	0.008	261	400	233	348	115	0	-2.16	-2.16	-2.16
juego3	easy	0.0	0.008	270	400	233	349	116	0	-2.31	-2.31	-2.31
juego3	easy	0.0	0.008	279	400	233	349	116	0	-2.42	-2.42	-2.42
juego3	easy	0.0	0.008	287	400	233	349	116	0	-2.47	-2.47	-2.47
juego3	easy	0.0	0.008	296	400	233	349	116	0	-2.51	-2.51	-2.51
juego3	easy	0.0	0.008	305	400	233	349	116	0	-2.53	-2.53	-2.53
juego3	easy	0.0	0.008	314	400	233	350	117	0	-2.65	-2.65	-2.65
juego3	easy	0.0	0.008	324	400	233	350	117	0	-2.85	-2.85	-2.85
juego3	easy	0.0	0.008	332	400	233	351	118	0	-3.02	-3.02	-3.02
juego3	easy	0.0	0.008	341	400	233	351	118	0	-3.17	-3.17	-3.17
juego3	easy	0.0	0.008	349	400	233	350	117	0	-2.84	-2.84	-2.84
juego3	easy	0.0	0.008	359	400	233	347	114	0	-1.76	-1.76	-1.76
juego3	easy	0.0	0.008	367	400	233	345	112	0	-0.88	-0.88	-0.88
juego3	easy	0.0	0.008	375	400	233	339	106	0	1.69	1.69	1.69
juego3	easy	0.0	0.008	384	400	233	330	97	0	5.07	5.07	5.07
juego3	easy	0.0	0.008	393	400	233	322	89	0	8.47	8.47	8.47
juego3	easy	0.0	0.008	402	400	233	318	85	0	9.97	9.97	9.97
juego3	easy	0.0	0.008	411	400	233	310	77	0	13.04	13.04	13.04
juego3	easy	0.0	0.008	420	400	233	306	73	0	14.75	14.75	14.75
juego3	easy	0.0	0.008	429	400	233	294	61	0	19.86	19.86	19.86
juego3	easy	0.0	0.008	438	400	233	283	50	0	24.0	24.0	24.0
juego3	easy	0.0	0.008	447	400	233	277	44	0	26.58	26.58	26.58
juego3	easy	0.0	0.008	456	400	233	271	38	0	28.97	28.97	28.97
juego3	easy	0.0	0.008	465	400	233	259	26	0	33.75	33.75	33.75
juego3	easy	0.0	0.008	475	400	233	242	9	0	40.6	40.6	40.6
juego3	easy	0.0	0.008	483	400	233	236	3	0	42.79	42.79	42.79
juego3	easy	0.0	0.008	493	400	233	226	-7	0	46.75	46.75	46.75
juego3	easy	0.0	0.008	501	400	233	220	-13	0	49.31	49.31	49.31
juego3	easy	0.0	0.008	509	400	233	217	-16	0	50.5	50.5	50.5
juego3	easy	0.0	0.008	517	400	233	214	-19	0	51.68	51.68	51.68
juego3	easy	0.0	0.008	525	400	233	206	-27	0	54.72	54.72	54.72
juego3	easy	0.0	0.008	534	400	233	201	-32	0	56.68	56.68	56.68
juego3	easy	0.0	0.008	543	400	233	198	-35	0	57.77	57.77	57.77
juego3	easy	0.0	0.008	552	400	233	194	-39	0	59.58	59.58	59.58
juego3	easy	0.0	0.008	561	400	233	190	-43	0	60.93	60.93	60.93
juego3	easy	0.0	0.008	570	400	233	188	-45	0	61.8	61.8	61.8
juego3	easy	0.0	0.008	578	400	233	187	-46	0	62.13	62.13	62.13
juego3	easy	0.0	0.008	587	400	233	186	-47	0	62.55	62.55	62.55
juego3	easy	0.0	0.008	596	400	233	186	-47	0	62.73	62.73	62.73
juego3	easy	0.0	0.008	604	400	233	186	-47	0	62.72	62.72	62.72
juego3	easy	0.0	0.008	613	400	233	186	-47	0	62.67	62.67	62.67
juego3	easy	0.0	0.008	622	400	233	186	-47	0	62.48	62.48	62.48
juego3	easy	0.0	0.008	629	400	233	187	-46	0	62.2	62.2	62.2
juego3	easy	0.0	0.008	638	400	233	188	-45	0	62.05	62.05	62.05
juego3	easy	0.0	0.008	647	400	233	188	-45	0	61.66	61.66	61.66
juego3	easy	0.0	0.008	656	400	233	190	-43	0	61.12	61.12	61.12
juego3	easy	0.0	0.008	665	400	233	191	-42	0	60.49	60.49	60.49
juego3	easy	0.0	0.008	675	400	233	195	-38	0	59.0	59.0	59.0
juego3	easy	0.0	0.008	683	400	233	195	-38	0	59.0	59.0	59.0
juego3	easy	0.0	0.008	693	400	233	196	-37	0	58.85	58.85	58.85
juego3	easy	0.0	0.008	701	400	233	197	-36	0	58.27	58.27	58.27
juego3	easy	0.0	0.008	710	400	233	198	-35	0	57.72	57.72	57.72
juego3	easy	0.0	0.008	719	400	233	199	-34	0	57.4	57.4	57.4
juego3	easy	0.0	0.008	727	400	233	200	-33	0	57.26	57.26	57.26
juego3	easy	0.0	0.008	736	400	233	200	-33	0	57.01	57.01	57.01
juego3	easy	0.0	0.008	745	400	233	201	-32	0	56.83	56.83	56.83
juego3	easy	0.0	0.008	754	400	233	201	-32	0	56.67	56.67	56.67
juego3	easy	0.0	0.008	763	400	233	201	-32	0	56.62	56.62	56.62
juego3	easy	0.0	0.008	771	400	233	201	-32	0	56.58	56.58	56.58
juego3	easy	0.0	0.008	780	400	233	201	-32	0	56.56	56.56	56.56
juego3	easy	0.0	0.008	788	400	233	201	-32	0	56.55	56.55	56.55
juego3	easy	0.0	0.008	797	400	233	202	-31	0	56.49	56.49	56.49
juego3	easy	0.0	0.008	805	400	233	202	-31	0	56.32	56.32	56.32
juego3	easy	0.0	0.008	814	400	233	202	-31	0	56.18	56.18	56.18
juego3	easy	0.0	0.008	822	400	233	203	-30	0	55.84	55.84	55.84
juego3	easy	0.0	0.008	831	400	233	204	-29	0	55.46	55.46	55.46
juego3	easy	0.0	0.008	840	400	233	205	-28	0	55.03	55.03	55.03
juego3	easy	0.0	0.008	849	400	233	206	-27	0	54.79	54.79	54.79
juego3	easy	0.0	0.008	858	400	233	207	-26	0	54.29	54.29	54.29
juego3	easy	0.0	0.008	866	400	233	209	-24	0	53.66	53.66	53.66
juego3	easy	0.0	0.008	875	400	233	210	-23	0	53.26	53.26	53.26
juego3	easy	0.0	0.008	884	400	233	212	-21	0	52.5	52.5	52.5
juego3	easy	0.0	0.008	893	400	233	214	-19	0	51.63	51.63	51.63
juego3	easy	0.0	0.008	902	400	233	216	-17	0	50.78	50.78	50.78
juego3	easy	0.0	0.008	911	400	233	218	-15	0	49.98	49.98	49.98
juego3	easy	0.0	0.008	920	400	233	220	-13	0	49.2	49.2	49.2
juego3	easy	0.0	0.008	929	400	233	221	-12	0	48.81	48.81	48.81
juego3	easy	0.0	0.008	938	400	233	223	-10	0	48.1	48.1	48.1
juego3	easy	0.0	0.008	947	400	233	224	-9	0	47.5	47.5	47.5
juego3	easy	0.0	0.008	957	400	233	226	-7	0	46.93	46.93	46.93
juego3	easy	0.0	0.008	965	400	233	227	-6	0	46.4	46.4	46.4
juego3	easy	0.0	0.008	974	400	233	227	-6	0	46.2	46.2	46.2
juego3	easy	0.0	0.008	983	400	233	228	-5	0	45.88	45.88	45.88
juego3	easy	0.0	0.008	993	400	233	229	-4	0	45.58	45.58	45.58
juego3	easy	0.0	0.008	1001	400	233	229	-4	0	45.4	45.4	45.4
juego3	easy	0.0	0.008	1010	400	233	230	-3	0	45.22	45.22	45.22
juego3	easy	0.0	0.008	1020	400	233	230	-3	0	45.02	45.02	45.02
juego3	easy	0.0	0.008	1028	400	233	231	-2	0	44.89	44.89	44.89
juego3	easy	0.0	0.008	1037	400	233	231	-2	0	44.69	44.69	44.69
juego3	easy	0.0	0.008	1045	400	233	232	-1	0	44.37	44.37	44.37
juego3	easy	0.0	0.008	1054	400	233	233	0	0	43.82	43.82	43.82
juego3	easy	0.0	0.008	1064	400	233	235	2	0	43.35	43.35	43.35
juego3	easy	0.0	0.008	1072	400	233	236	3	0	42.92	42.92	42.92
juego3	easy	0.0	0.008	1081	400	233	237	4	0	42.48	42.48	42.48
juego3	easy	0.0	0.008	1091	400	233	238	5	0	42.12	42.12	42.12
juego3	easy	0.0	0.008	1099	400	233	238	5	0	41.97	41.97	41.97
juego3	easy	0.0	0.008	1108	400	233	239	6	0	41.71	41.71	41.71
juego3	easy	0.0	0.008	1117	400	233	239	6	0	41.55	41.55	41.55
juego3	easy	0.0	0.008	1126	400	233	239	6	0	41.5	41.5	41.5
juego3	easy	0.0	0.008	1135	400	233	239	6	0	41.54	41.54	41.54
juego3	easy	0.0	0.008	1145	400	233	239	6	0	41.59	41.59	41.59
juego3	easy	0.0	0.008	1153	400	233	239	6	0	41.75	41.75	41.75
juego3	easy	0.0	0.008	1162	400	233	238	5	0	41.95	41.95	41.95
juego3	easy	0.0	0.008	1171	400	233	238	5	0	42.18	42.18	42.18
juego3	easy	0.0	0.008	1179	400	233	237	4	0	42.29	42.29	42.29
juego3	easy	0.0	0.008	1187	400	233	237	4	0	42.52	42.52	42.52
juego3	easy	0.0	0.008	1196	400	233	236	3	0	42.72	42.72	42.72
juego3	easy	0.0	0.008	1204	400	233	236	3	0	42.81	42.81	42.81
juego3	easy	0.0	0.008	1213	400	233	236	3	0	42.95	42.95	42.95
juego3	easy	0.0	0.008	1222	400	233	235	2	0	43.05	43.05	43.05
juego3	easy	0.0	0.008	1230	400	233	235	2	0	43.09	43.09	43.09
juego3	easy	0.0	0.008	1239	400	233	235	2	0	43.09	43.09	43.09
juego3	easy	0.0	0.008	1247	400	233	235	2	0	43.02	43.02	43.02
juego3	easy	0.0	0.008	1256	400	233	236	3	0	42.87	42.87	42.87
juego3	easy	0.0	0.008	1266	400	233	236	3	0	42.71	42.71	42.71
juego3	easy	0.0	0.008	1274	400	233	236	3	0	42.62	42.62	42.62
juego3	easy	0.0	0.008	1283	400	233	237	4	0	42.46	42.46	42.46
juego3	easy	0.0	0.008	1291	400	233	237	4	0	42.32	42.32	42.32
juego3	easy	0.0	0.008	1299	400	233	237	4	0	42.26	42.26	42.26
juego3	easy	0.0	0.008	1308	400	233	237	4	0	42.23	42.23	42.23
juego3	easy	0.0	0.008	1318	400	233	237	4	0	42.3	42.3	42.3
juego3	easy	0.0	0.008	1326	400	233	237	4	0	42.47	42.47	42.47
juego3	easy	0.0	0.008	1335	400	233	236	3	0	42.68	42.68	42.68
juego3	easy	0.0	0.008	1344	400	233	236	3	0	42.85	42.85	42.85
juego3	easy	0.0	0.008	1353	400	233	235	2	0	43.22	43.22	43.22
juego3	easy	0.0	0.008	1362	400	233	234	1	0	43.62	43.62	43.62
juego3	easy	0.0	0.008	1371	400	233	233	0	0	44.07	44.07	44.07
juego3	easy	0.0	0.008	1379	400	233	232	-1	0	44.41	44.41	44.41
juego3	easy	0.0	0.008	1388	400	233	230	-3	0	45.38	45.38	45.38
juego3	easy	0.0	0.008	1396	400	233	226	-7	0	46.67	46.67	46.67
juego3	easy	0.0	0.008	1405	400	233	224	-9	0	47.48	47.48	47.48
juego3	easy	0.0	0.008	1414	400	233	219	-14	0	49.55	49.55	49.55
juego3	easy	0.0	0.008	1423	400	233	212	-21	0	52.37	52.37	52.37
juego3	easy	0.0	0.008	1431	400	233	201	-32	0	56.77	56.77	56.77
juego3	easy	0.0	0.008	1440	400	233	195	-38	0	59.01	59.01	59.01
juego3	easy	0.0	0.008	1450	400	233	184	-49	0	63.47	63.47	63.47
juego3	easy	0.0	0.008	1458	400	233	177	-56	0	66.03	66.03	66.03
juego3	easy	0.0	0.008	1467	400	233	164	-69	0	71.33	71.33	71.33
juego3	easy	0.0	0.008	1476	400	233	149	-84	0	77.35	77.35	77.35
juego3	easy	0.0	0.008	1484	400	233	145	-88	0	78.82	78.82	78.82
juego3	easy	0.0	0.008	1493	400	233	137	-96	0	81.92	81.92	81.92
juego3	easy	0.0	0.008	1501	400	233	136	-97	0	82.66	82.66	82.66
juego3	easy	0.0	0.008	1510	400	233	136	-97	0	82.63	82.63	82.63
juego3	easy	0.0	0.008	1519	400	233	137	-96	0	81.9	81.9	81.9
juego3	easy	0.0	0.008	1528	400	233	139	-94	0	81.34	81.34	81.34
juego3	easy	0.0	0.008	1537	400	233	142	-91	0	80.29	80.29	80.29
juego3	easy	0.0	0.008	1547	400	233	143	-90	0	79.68	79.68	79.68
juego3	easy	0.0	0.008	1555	400	233	143	-90	0	79.82	79.82	79.82
juego3	easy	0.0	0.008	1564	400	233	141	-92	0	80.44	80.44	80.44
juego3	easy	0.0	0.008	1573	400	233	139	-94	0	81.33	81.33	81.33
juego3	easy	0.0	0.008	1582	400	233	136	-97	0	82.29	82.29	82.29
juego3	easy	0.0	0.008	1591	400	233	135	-98	0	82.73	82.73	82.73
juego3	easy	0.0	0.008	1599	400	233	133	-100	0	83.61	83.61	83.61
juego3	easy	0.0	0.008	1608	400	233	132	-101	0	84.04	84.04	84.04
juego3	easy	0.0	0.008	1616	400	233	132	-101	0	84.13	84.13	84.13
juego3	easy	0.0	0.008	1624	400	233	132	-101	0	84.21	84.21	84.21
juego3	easy	0.0	0.008	1633	400	233	131	-102	0	84.3	84.3	84.3
juego3	easy	0.0	0.008	1642	400	233	130	-103	0	84.71	84.71	84.71
juego3	easy	0.0	0.008	1650	400	233	130	-103	0	85.0	85.0	85.0
juego3	easy	0.0	0.008	1659	400	233	128	-105	0	85.55	85.55	85.55
juego3	easy	0.0	0.008	1668	400	233	129	-104	0	85.35	85.35	85.35
juego3	easy	0.0	0.008	1677	400	233	132	-101	0	84.13	84.13	84.13
juego3	easy	0.0	0.008	1686	400	233	135	-98	0	82.9	82.9	82.9
juego3	easy	0.0	0.008	1694	400	233	138	-95	0	81.67	81.67	81.67
juego3	easy	0.0	0.008	1703	400	233	144	-89	0	79.27	79.27	79.27
juego3	easy	0.0	0.008	1713	400	233	154	-79	0	75.24	75.24	75.24
juego3	easy	0.0	0.008	1722	400	233	159	-74	0	73.52	73.52	73.52
juego3	easy	0.0	0.008	1730	400	233	160	-73	0	72.94	72.94	72.94
juego3	easy	0.0	0.008	1739	400	233	162	-71	0	72.07	72.07	72.07
juego3	easy	0.0	0.008	1748	400	233	163	-70	0	71.79	71.79	71.79
juego3	easy	0.0	0.008	1756	400	233	163	-70	0	71.59	71.59	71.59
juego3	easy	0.0	0.008	1765	400	233	164	-69	0	71.54	71.54	71.54
juego3	easy	0.0	0.008	1773	400	233	163	-70	0	71.77	71.77	71.77
juego3	easy	0.0	0.008	1782	400	233	162	-71	0	72.09	72.09	72.09
juego3	easy	0.0	0.008	1792	400	233	161	-72	0	72.47	72.47	72.47
juego3	easy	0.0	0.008	1800	400	233	161	-72	0	72.67	72.67	72.67
juego3	easy	0.0	0.008	1809	400	233	160	-73	0	73.04	73.04	73.04
juego3	easy	0.0	0.008	1817	400	233	159	-74	0	73.24	73.24	73.24
juego3	easy	0.0	0.008	1826	400	233	159	-74	0	73.26	73.26	73.26
juego3	easy	0.0	0.008	1835	400	233	160	-73	0	73.04	73.04	73.04
juego3	easy	0.0	0.008	1844	400	233	161	-72	0	72.56	72.56	72.56
juego3	easy	0.0	0.008	1852	400	233	163	-70	0	71.91	71.91	71.91
juego3	easy	0.0	0.008	1861	400	233	164	-69	0	71.51	71.51	71.51
juego3	easy	0.0	0.008	1870	400	233	166	-67	0	70.67	70.67	70.67
juego3	easy	0.0	0.008	1878	400	233	168	-65	0	69.86	69.86	69.86
juego3	easy	0.0	0.008	1887	400	233	170	-63	0	69.15	69.15	69.15
juego3	easy	0.0	0.008	1897	400	233	170	-63	0	68.87	68.87	68.87
juego3	easy	0.0	0.008	1905	400	233	172	-61	0	68.14	68.14	68.14
juego3	easy	0.0	0.008	1914	400	233	174	-59	0	67.39	67.39	67.39
juego3	easy	0.0	0.008	1923	400	233	175	-58	0	66.9	66.9	66.9
juego3	easy	0.0	0.008	1932	400	233	177	-56	0	66.36	66.36	66.36
juego3	easy	0.0	0.008	1942	400	233	179	-54	0	65.59	65.59	65.59
juego3	easy	0.0	0.008	1950	400	233	180	-53	0	65.21	65.21	65.21
juego3	easy	0.0	0.008	1959	400	233	181	-52	0	64.61	64.61	64.61
juego3	easy	0.0	0.008	1968	400	233	182	-51	0	64.26	64.26	64.26
juego3	easy	0.0	0.008	1978	400	233	183	-50	0	63.91	63.91	63.91
juego3	easy	0.0	0.008	1985	400	233	183	-50	0	63.79	63.79	63.79
juego3	easy	0.0	0.008	1994	400	233	183	-50	0	63.67	63.67	63.67
juego3	easy	0.0	0.008	0	400	233	183	-50	1	63.65	63.65	63.65
juego3	easy	80.0	0.008	7	400	167	183	16	1	63.67	63.67	63.67
juego3	easy	80.0	0.008	16	400	167	183	16	1	63.76	63.76	63.76
juego3	easy	80.0	0.008	25	400	167	183	16	1	63.96	63.96	63.96
juego3	easy	80.0	0.008	34	400	167	182	15	1	64.04	64.04	64.04
juego3	easy	80.0	0.008	43	400	167	182	15	1	64.31	64.31	64.31
juego3	easy	80.0	0.008	51	400	167	181	14	1	64.67	64.67	64.67
juego3	easy	80.0	0.008	60	400	167	180	13	1	65.0	65.0	65.0
juego3	easy	80.0	0.008	69	400	167	180	13	1	65.18	65.18	65.18
juego3	easy	80.0	0.008	79	400	167	178	11	1	65.66	65.66	65.66
juego3	easy	80.0	0.008	87	400	167	177	10	1	66.3	66.3	66.3
juego3	easy	80.0	0.008	96	400	167	175	8	1	66.98	66.98	66.98
juego3	easy	80.0	0.008	105	400	167	174	7	1	67.38	67.38	67.38
juego3	easy	80.0	0.008	115	400	167	172	5	1	68.35	68.35	68.35
juego3	easy	80.0	0.008	125	400	167	169	2	1	69.29	69.29	69.29
juego3	easy	80.0	0.008	133	400	167	166	-1	1	70.46	70.46	70.46
juego3	easy	80.0	0.008	142	400	167	163	-4	1	71.82	71.82	71.82
juego3	easy	80.0	0.008	152	400	167	159	-8	1	73.23	73.23	73.23
juego3	easy	80.0	0.008	160	400	167	157	-10	1	73.99	73.99	73.99
juego3	easy	80.0	0.008	170	400	167	153	-14	1	75.63	75.63	75.63
juego3	easy	80.0	0.008	178	400	167	149	-18	1	77.44	77.44	77.44
juego3	easy	80.0	0.008	187	400	167	144	-23	1	79.3	79.3	79.3
juego3	easy	80.0	0.008	196	400	167	139	-28	1	81.34	81.34	81.34
juego3	easy	80.0	0.008	204	400	167	136	-31	1	82.43	82.43	82.43
juego3	easy	80.0	0.008	213	400	167	130	-37	1	84.97	84.97	84.97
juego3	easy	80.0	0.008	222	400	167	125	-42	1	86.71	86.71	86.71
juego3	easy	80.0	0.008	231	400	167	125	-42	1	86.79	86.79	86.79
juego3	easy	80.0	0.008	241	400	167	129	-38	1	85.1	85.1	85.1
juego3	easy	80.0	0.008	249	400	167	135	-32	1	82.69	82.69	82.69
juego3	easy	80.0	0.008	258	400	167	144	-23	1	79.31	79.31	79.31
juego3	easy	80.0	0.008	267	400	167	152	-15	1	76.27	76.27	76.27
juego3	easy	80.0	0.008	276	400	167	159	-8	1	73.21	73.21	73.21
juego3	easy	80.0	0.008	285	400	167	163	-4	1	71.72	71.72	71.72
juego3	easy	80.0	0.008	293	400	167	170	3	1	68.83	68.83	68.83
juego3	easy	80.0	0.008	302	400	167	170	3	1	68.83	68.83	68.83
juego3	easy	80.0	0.008	311	400	167	180	13	1	65.2	65.2	65.2
juego3	easy	80.0	0.008	319	400	167	185	18	1	62.88	62.88	62.88
juego3	easy	80.0	0.008	328	400	167	190	23	1	61.2	61.2	61.2
juego3	easy	80.0	0.008	336	400	167	193	26	1	60.01	60.01	60.01
juego3	easy	80.0	0.008	344	400	167	194	27	1	59.6	59.6	59.6
juego3	easy	80.0	0.008	352	400	167	195	28	1	59.12	59.12	59.12
juego3	easy	80.0	0.008	361	400	167	195	28	1	59.06	59.06	59.06
juego3	easy	80.0	0.008	369	400	167	195	28	1	59.12	59.12	59.12
juego3	easy	80.0	0.008	378	400	167	194	27	1	59.37	59.37	59.37
juego3	easy	80.0	0.008	386	400	167	193	26	1	59.83	59.83	59.83
juego3	easy	80.0	0.008	395	400	167	192	25	1	60.1	60.1	60.1
juego3	easy	80.0	0.008	405	400	167	191	24	1	60.64	60.64	60.64
juego3	easy	80.0	0.008	414	400	167	190	23	1	61.16	61.16	61.16
juego3	easy	80.0	0.008	422	400	167	189	22	1	61.6	61.6	61.6
juego3	easy	80.0	0.008	431	400	167	188	21	1	61.76	61.76	61.76
juego3	easy	80.0	0.008	439	400	167	188	21	1	61.96	61.96	61.96
juego3	easy	80.0	0.008	448	400	167	188	21	1	61.93	61.93	61.93
juego3	easy	80.0	0.008	457	400	167	188	21	1	61.76	61.76	61.76
juego3	easy	80.0	0.008	466	400	167	189	22	1	61.64	61.64	61.64
juego3	easy	80.0	0.008	474	400	167	189	22	1	61.32	61.32	61.32
juego3	easy	80.0	0.008	482	400	167	190	23	1	60.91	60.91	60.91
juego3	easy	80.0	0.008	492	400	167	192	25	1	60.45	60.45	60.45
juego3	easy	80.0	0.008	500	400	167	192	25	1	60.24	60.24	60.24
juego3	easy	80.0	0.008	508	400	167	193	26	1	59.84	59.84	59.84
juego3	easy	80.0	0.008	517	400	167	194	27	1	59.53	59.53	59.53
juego3	easy	80.0	0.008	527	400	167	194	27	1	59.32	59.32	59.32
juego3	easy	80.0	0.008	535	400	167	195	28	1	59.25	59.25	59.25
juego3	easy	80.0	0.008	543	400	167	195	28	1	59.16	59.16	59.16
juego3	easy	80.0	0.008	552	400	167	195	28	1	59.12	59.12	59.12
juego3	easy	80.0	0.008	561	400	167	195	28	1	59.11	59.11	59.11
juego3	easy	80.0	0.008	569	400	167	195	28	1	59.09	59.09	59.09
juego3	easy	80.0	0.008	578	400	167	195	28	1	59.05	59.05	59.05
juego3	easy	80.0	0.008	587	400	167	195	28	1	58.95	58.95	58.95
juego3	easy	80.0	0.008	594	400	167	196	29	1	58.86	58.86	58.86
juego3	easy	80.0	0.008	603	400	167	196	29	1	58.63	58.63	58.63
juego3	easy	80.0	0.008	611	400	167	197	30	1	58.46	58.46	58.46
juego3	easy	80.0	0.008	620	400	167	197	30	1	58.09	58.09	58.09
juego3	easy	80.0	0.008	629	400	167	199	32	1	57.66	57.66	57.66
juego3	easy	80.0	0.008	638	400	167	200	33	1	57.18	57.18	57.18
juego3	easy	80.0	0.008	646	400	167	200	33	1	56.93	56.93	56.93
juego3	easy	80.0	0.008	655	400	167	202	35	1	56.46	56.46	56.46
juego3	easy	80.0	0.008	663	400	167	202	35	1	56.17	56.17	56.17
juego3	easy	80.0	0.008	672	400	167	203	36	1	55.87	55.87	55.87
juego3	easy	80.0	0.008	680	400	167	204	37	1	55.5	55.5	55.5
juego3	easy	80.0	0.008	689	400	167	205	38	1	55.22	55.22	55.22
juego3	easy	80.0	0.008	698	400	167	205	38	1	54.97	54.97	54.97
juego3	easy	80.0	0.008	707	400	167	206	39	1	54.78	54.78	54.78
juego3	easy	80.0	0.008	715	400	167	206	39	1	54.72	54.72	54.72
juego3	easy	80.0	0.008	724	400	167	206	39	1	54.64	54.64	54.64
juego3	easy	80.0	0.008	733	400	167	206	39	1	54.63	54.63	54.63
juego3	easy	80.0	0.008	741	400	167	206	39	1	54.66	54.66	54.66
juego3	easy	80.0	0.008	750	400	167	206	39	1	54.81	54.81	54.81
juego3	easy	80.0	0.008	758	400	167	205	38	1	55.3	55.3	55.3
juego3	easy	80.0	0.008	766	400	167	203	36	1	55.71	55.71	55.71
juego3	easy	80.0	0.008	775	400	167	200	33	1	56.96	56.96	56.96
juego3	easy	80.0	0.008	784	400	167	196	29	1	58.67	58.67	58.67
juego3	easy	80.0	0.008	792	400	167	191	24	1	60.68	60.68	60.68
juego3	easy	80.0	0.008	801	400	167	188	21	1	61.8	61.8	61.8
juego3	easy	80.0	0.008	810	400	167	183	16	1	63.99	63.99	63.99
juego3	easy	80.0	0.008	819	400	167	177	10	1	66.28	66.28	66.28
juego3	easy	80.0	0.008	828	400	167	171	4	1	68.48	68.48	68.48
juego3	easy	80.0	0.008	837	400	167	169	2	1	69.45	69.45	69.45
juego3	easy	80.0	0.008	845	400	167	165	-2	1	71.1	71.1	71.1
juego3	easy	80.0	0.008	853	400	167	163	-4	1	71.75	71.75	71.75
juego3	easy	80.0	0.008	862	400	167	161	-6	1	72.74	72.74	72.74
juego3	easy	80.0	0.008	872	400	167	159	-8	1	73.46	73.46	73.46
juego3	easy	80.0	0.008	880	400	167	159	-8	1	73.5	73.5	73.5
juego3	easy	80.0	0.008	889	400	167	159	-8	1	73.5	73.5	73.5
juego3	easy	80.0	0.008	898	400	167	159	-8	1	73.38	73.38	73.38
juego3	easy	80.0	0.008	906	400	167	159	-8	1	73.28	73.28	73.28
juego3	easy	80.0	0.008	915	400	167	160	-7	1	73.04	73.04	73.04
juego3	easy	80.0	0.008	923	400	167	160	-7	1	72.81	72.81	72.81
juego3	easy	80.0	0.008	932	400	167	161	-6	1	72.74	72.74	72.74
juego3	easy	80.0	0.008	940	400	167	161	-6	1	72.71	72.71	72.71
juego3	easy	80.0	0.008	948	400	167	160	-7	1	72.8	72.8	72.8
juego3	easy	80.0	0.008	956	400	167	160	-7	1	72.89	72.89	72.89
juego3	easy	80.0	0.008	965	400	167	160	-7	1	73.09	73.09	73.09
juego3	easy	80.0	0.008	973	400	167	159	-8	1	73.34	73.34	73.34
juego3	easy	80.0	0.008	982	400	167	159	-8	1	73.46	73.46	73.46
juego3	easy	80.0	0.008	991	400	167	158	-9	1	73.64	73.64	73.64
juego3	easy	80.0	0.008	999	400	167	158	-9	1	73.76	73.76	73.76
juego3	easy	80.0	0.008	1008	400	167	158	-9	1	73.77	73.77	73.77
juego3	easy	80.0	0.008	1016	400	167	158	-9	1	73.75	73.75	73.75
juego3	easy	80.0	0.008	1025	400	167	158	-9	1	73.64	73.64	73.64
juego3	easy	80.0	0.008	1033	400	167	158	-9	1	73.56	73.56	73.56
juego3	easy	80.0	0.008	1041	400	167	159	-8	1	73.33	73.33	73.33
juego3	easy	80.0	0.008	1050	400	167	160	-7	1	73.05	73.05	73.05
juego3	easy	80.0	0.008	1059	400	167	161	-6	1	72.76	72.76	72.76
juego3	easy	80.0	0.008	1066	400	167	161	-6	1	72.65	72.65	72.65
juego3	easy	80.0	0.008	1075	400	167	161	-6	1	72.45	72.45	72.45
juego3	easy	80.0	0.008	1084	400	167	162	-5	1	72.36	72.36	72.36
juego3	easy	80.0	0.008	1093	400	167	161	-6	1	72.37	72.37	72.37
juego3	easy	80.0	0.008	1102	400	167	161	-6	1	72.4	72.4	72.4
juego3	easy	80.0	0.008	1111	400	167	161	-6	1	72.47	72.47	72.47
juego3	easy	80.0	0.008	1120	400	167	161	-6	1	72.6	72.6	72.6
juego3	easy	80.0	0.008	1129	400	167	161	-6	1	72.74	72.74	72.74
juego3	easy	80.0	0.008	1137	400	167	160	-7	1	72.81	72.81	72.81
juego3	easy	80.0	0.008	1146	400	167	160	-7	1	72.91	72.91	72.91
juego3	easy	80.0	0.008	1155	400	167	160	-7	1	72.99	72.99	72.99
juego3	easy	80.0	0.008	1164	400	167	160	-7	1	73.05	73.05	73.05
juego3	easy	80.0	0.008	1173	400	167	160	-7	1	73.06	73.06	73.06
juego3	easy	80.0	0.008	1182	400	167	160	-7	1	73.04	73.04	73.04
juego3	easy	80.0	0.008	1191	400	167	160	-7	1	72.99	72.99	72.99
juego3	easy	80.0	0.008	1200	400	167	160	-7	1	72.91	72.91	72.91
juego3	easy	80.0	0.008	1210	400	167	160	-7	1	72.83	72.83	72.83
juego3	easy	80.0	0.008	1218	400	167	160	-7	1	72.77	72.77	72.77
juego3	easy	80.0	0.008	1227	400	167	161	-6	1	72.76	72.76	72.76
juego3	easy	80.0	0.008	1236	400	167	161	-6	1	72.76	72.76	72.76
juego3	easy	80.0	0.008	1245	400	167	161	-6	1	72.76	72.76	72.76
juego3	easy	80.0	0.008	1254	400	167	160	-7	1	72.78	72.78	72.78
juego3	easy	80.0	0.008	1261	400	167	160	-7	1	72.78	72.78	72.78
juego3	easy	80.0	0.008	1270	400	167	160	-7	1	72.82	72.82	72.82
juego3	easy	80.0	0.008	1279	400	167	160	-7	1	72.85	72.85	72.85
juego3	easy	80.0	0.008	1288	400	167	160	-7	1	72.88	72.88	72.88
juego3	easy	80.0	0.008	1296	400	167	160	-7	1	72.94	72.94	72.94
juego3	easy	80.0	0.008	1304	400	167	160	-7	1	72.98	72.98	72.98
juego3	easy	80.0	0.008	1312	400	167	160	-7	1	73.01	73.01	73.01
juego3	easy	80.0	0.008	1321	400	167	160	-7	1	73.04	73.04	73.04
juego3	easy	80.0	0.008	1330	400	167	160	-7	1	73.04	73.04	73.04
juego3	easy	80.0	0.008	1338	400	167	160	-7	1	73.04	73.04	73.04
juego3	easy	80.0	0.008	1347	400	167	160	-7	1	73.01	73.01	73.01
juego3	easy	80.0	0.008	1356	400	167	160	-7	1	72.95	72.95	72.95
juego3	easy	80.0	0.008	1364	400	167	160	-7	1	72.88	72.88	72.88
juego3	easy	80.0	0.008	1372	400	167	160	-7	1	72.85	72.85	72.85
juego3	easy	80.0	0.008	1381	400	167	160	-7	1	72.78	72.78	72.78
juego3	easy	80.0	0.008	1390	400	167	161	-6	1	72.73	72.73	72.73
juego3	easy	80.0	0.008	1399	400	167	161	-6	1	72.7	72.7	72.7
juego3	easy	80.0	0.008	1407	400	167	161	-6	1	72.69	72.69	72.69
juego3	easy	80.0	0.008	1416	400	167	161	-6	1	72.69	72.69	72.69
juego3	easy	80.0	0.008	1424	400	167	161	-6	1	72.7	72.7	72.7
juego3	easy	80.0	0.008	1432	400	167	161	-6	1	72.71	72.71	72.71
juego3	easy	80.0	0.008	1441	400	167	161	-6	1	72.72	72.72	72.72
juego3	easy	80.0	0.008	1449	400	167	161	-6	1	72.73	72.73	72.73
juego3	easy	80.0	0.008	1457	400	167	161	-6	1	72.73	72.73	72.73
juego3	easy	80.0	0.008	1466	400	167	161	-6	1	72.73	72.73	72.73
juego3	easy	80.0	0.008	1474	400	167	161	-6	1	72.7	72.7	72.7
juego3	easy	80.0	0.008	1483	400	167	161	-6	1	72.69	72.69	72.69
juego3	easy	80.0	0.008	1492	400	167	161	-6	1	72.67	72.67	72.67
juego3	easy	80.0	0.008	1502	400	167	161	-6	1	72.65	72.65	72.65
juego3	easy	80.0	0.008	1510	400	167	161	-6	1	72.63	72.63	72.63
juego3	easy	80.0	0.008	1520	400	167	161	-6	1	72.61	72.61	72.61
juego3	easy	80.0	0.008	1528	400	167	161	-6	1	72.6	72.6	72.6
juego3	easy	80.0	0.008	1537	400	167	161	-6	1	72.58	72.58	72.58
juego3	easy	80.0	0.008	1547	400	167	161	-6	1	72.56	72.56	72.56
juego3	easy	80.0	0.008	1555	400	167	161	-6	1	72.53	72.53	72.53
juego3	easy	80.0	0.008	1565	400	167	161	-6	1	72.48	72.48	72.48
juego3	easy	80.0	0.008	1573	400	167	161	-6	1	72.45	72.45	72.45
juego3	easy	80.0	0.008	1581	400	167	161	-6	1	72.37	72.37	72.37
juego3	easy	80.0	0.008	1591	400	167	162	-5	1	72.29	72.29	72.29
juego3	easy	80.0	0.008	1599	400	167	162	-5	1	72.21	72.21	72.21
juego3	easy	80.0	0.008	1607	400	167	162	-5	1	72.17	72.17	72.17
juego3	easy	80.0	0.008	1616	400	167	162	-5	1	72.12	72.12	72.12
juego3	easy	80.0	0.008	1625	400	167	162	-5	1	72.04	72.04	72.04
juego3	easy	80.0	0.008	1633	400	167	162	-5	1	72.0	72.0	72.0
juego3	easy	80.0	0.008	1642	400	167	163	-4	1	71.9	71.9	71.9
juego3	easy	80.0	0.008	1652	400	167	163	-4	1	71.76	71.76	71.76
juego3	easy	80.0	0.008	1660	400	167	163	-4	1	71.58	71.58	71.58
juego3	easy	80.0	0.008	1670	400	167	164	-3	1	71.38	71.38	71.38
juego3	easy	80.0	0.008	1677	400	167	164	-3	1	71.27	71.27	71.27
juego3	easy	80.0	0.008	1686	400	167	165	-2	1	71.06	71.06	71.06
juego3	easy	80.0	0.008	1695	400	167	165	-2	1	70.85	70.85	70.85
juego3	easy	80.0	0.008	1704	400	167	166	-1	1	70.75	70.75	70.75
juego3	easy	80.0	0.008	1712	400	167	166	-1	1	70.56	70.56	70.56
juego3	easy	80.0	0.008	1720	400	167	167	0	1	70.38	70.38	70.38
juego3	easy	80.0	0.008	1728	400	167	167	0	1	70.29	70.29	70.29
juego3	easy	80.0	0.008	1737	400	167	167	0	1	70.1	70.1	70.1
juego3	easy	80.0	0.008	1746	400	167	168	1	1	69.85	69.85	69.85
juego3	easy	80.0	0.008	1755	400	167	169	2	1	69.53	69.53	69.53
juego3	easy	80.0	0.008	1765	400	167	170	3	1	69.12	69.12	69.12
juego3	easy	80.0	0.008	1773	400	167	170	3	1	68.86	68.86	68.86
juego3	easy	80.0	0.008	1782	400	167	172	5	1	68.25	68.25	68.25
juego3	easy	80.0	0.008	1791	400	167	174	7	1	67.51	67.51	67.51
juego3	easy	80.0	0.008	1800	400	167	176	9	1	66.58	66.58	66.58
juego3	easy	80.0	0.008	1808	400	167	178	11	1	65.97	65.97	65.97
juego3	easy	80.0	0.008	1817	400	167	182	15	1	64.33	64.33	64.33
juego3	easy	80.0	0.008	1824	400	167	184	17	1	63.3	63.3	63.3
juego3	easy	80.0	0.008	1833	400	167	190	23	1	60.96	60.96	60.96
juego3	easy	80.0	0.008	1841	400	167	197	30	1	58.17	58.17	58.17
juego3	easy	80.0	0.008	1850	400	167	205	38	1	55.03	55.03	55.03
juego3	easy	80.0	0.008	1858	400	167	205	38	1	55.03	55.03	55.03
juego3	easy	80.0	0.008	1868	400	167	218	51	1	49.87	49.87	49.87
juego3	easy	80.0	0.008	1875	400	167	223	56	1	48.04	48.04	48.04
juego3	easy	80.0	0.008	1884	400	167	232	65	1	44.4	44.4	44.4
juego3	easy	80.0	0.008	1892	400	167	236	69	1	42.63	42.63	42.63
juego3	easy	80.0	0.008	1901	400	167	249	82	1	37.56	37.56	37.56
juego3	easy	80.0	0.008	1909	400	167	253	86	1	35.99	35.99	35.99
juego3	easy	80.0	0.008	1918	400	167	260	93	1	33.24	33.24	33.24
juego3	easy	80.0	0.008	1927	400	167	266	99	1	31.07	31.07	31.07
juego3	easy	80.0	0.008	1936	400	167	268	101	1	30.18	30.18	30.18
juego3	easy	80.0	0.008	1945	400	167	271	104	1	29.06	29.06	29.06
juego3	easy	80.0	0.008	1955	400	167	272	105	1	28.47	28.47	28.47
juego3	easy	80.0	0.008	1964	400	167	272	105	1	28.56	28.56	28.56
juego3	easy	80.0	0.008	1972	400	167	271	104	1	29.0	29.0	29.0
juego3	easy	80.0	0.008	1980	400	167	269	102	1	29.69	29.69	29.69
juego3	easy	80.0	0.008	1989	400	167	267	100	1	30.6	30.6	30.6
juego3	easy	80.0	0.008	1997	400	167	265	98	1	31.18	31.18	31.18
juego3	easy	80.0	0.008	0	400	167	263	96	2	32.25	32.25	32.25
juego3	easy	0.0	0.008	9	400	233	260	27	2	33.24	33.24	33.24
juego3	easy	0.0	0.008	18	400	233	259	26	2	33.65	33.65	33.65
juego3	easy	0.0	0.008	27	400	233	257	24	2	34.29	34.29	34.29
juego3	easy	0.0	0.008	35	400	233	257	24	2	34.59	34.59	34.59
juego3	easy	0.0	0.008	43	400	233	257	24	2	34.59	34.59	34.59
juego3	easy	0.0	0.008	52	400	233	257	24	2	34.4	34.4	34.4
juego3	easy	0.0	0.008	60	400	233	258	25	2	33.98	33.98	33.98
juego3	easy	0.0	0.008	68	400	233	259	26	2	33.7	33.7	33.7
juego3	easy	0.0	0.008	77	400	233	261	28	2	32.92	32.92	32.92
juego3	easy	0.0	0.008	86	400	233	263	30	2	32.03	32.03	32.03
juego3	easy	0.0	0.008	94	400	233	265	32	2	31.15	31.15	31.15
juego3	easy	0.0	0.008	103	400	233	267	34	2	30.7	30.7	30.7
juego3	easy	0.0	0.008	112	400	233	269	36	2	29.91	29.91	29.91
juego3	easy	0.0	0.008	121	400	233	270	37	2	29.25	29.25	29.25
juego3	easy	0.0	0.008	130	400	233	271	38	2	28.76	28.76	28.76
juego3	easy	0.0	0.008	139	400	233	272	39	2	28.47	28.47	28.47
juego3	easy	0.0	0.008	148	400	233	272	39	2	28.4	28.4	28.4
juego3	easy	0.0	0.008	157	400	233	272	39	2	28.43	28.43	28.43
juego3	easy	0.0	0.008	166	400	233	272	39	2	28.62	28.62	28.62
juego3	easy	0.0	0.008	175	400	233	271	38	2	28.94	28.94	28.94
juego3	easy	0.0	0.008	183	400	233	270	37	2	29.17	29.17	29.17
juego3	easy	0.0	0.008	192	400	233	269	36	2	29.69	29.69	29.69
juego3	easy	0.0	0.008	201	400	233	268	35	2	30.25	30.25	30.25
juego3	easy	0.0	0.008	211	400	233	266	33	2	30.77	30.77	30.77
juego3	easy	0.0	0.008	219	400	233	266	33	2	31.0	31.0	31.0
juego3	easy	0.0	0.008	228	400	233	265	32	2	31.36	31.36	31.36
juego3	easy	0.0	0.008	237	400	233	264	31	2	31.56	31.56	31.56
juego3	easy	0.0	0.008	245	400	233	264	31	2	31.56	31.56	31.56
juego3	easy	0.0	0.008	254	400	233	265	32	2	31.49	31.49	31.49
juego3	easy	0.0	0.008	262	400	233	265	32	2	31.3	31.3	31.3
juego3	easy	0.0	0.008	271	400	233	266	33	2	31.02	31.02	31.02
juego3	easy	0.0	0.008	281	400	233	267	34	2	30.6	30.6	30.6
juego3	easy	0.0	0.008	290	400	233	268	35	2	30.17	30.17	30.17
juego3	easy	0.0	0.008	298	400	233	268	35	2	29.96	29.96	29.96
juego3	easy	0.0	0.008	307	400	233	269	36	2	29.61	29.61	29.61
juego3	easy	0.0	0.008	316	400	233	270	37	2	29.37	29.37	29.37
juego3	easy	0.0	0.008	326	400	233	270	37	2	29.29	29.29	29.29
juego3	easy	0.0	0.008	334	400	233	270	37	2	29.31	29.31	29.31
juego3	easy	0.0	0.008	342	400	233	270	37	2	29.45	29.45	29.45
juego3	easy	0.0	0.008	351	400	233	269	36	2	29.67	29.67	29.67
juego3	easy	0.0	0.008	359	400	233	269	36	2	29.81	29.81	29.81
juego3	easy	0.0	0.008	368	400	233	268	35	2	30.12	30.12	30.12
juego3	easy	0.0	0.008	377	400	233	267	34	2	30.45	30.45	30.45
juego3	easy	0.0	0.008	385	400	233	266	33	2	30.74	30.74	30.74
juego3	easy	0.0	0.008	394	400	233	266	33	2	30.87	30.87	30.87
juego3	easy	0.0	0.008	403	400	233	265	32	2	31.17	31.17	31.17
juego3	easy	0.0	0.008	411	400	233	265	32	2	31.46	31.46	31.46
juego3	easy	0.0	0.008	419	400	233	264	31	2	31.61	31.61	31.61
juego3	easy	0.0	0.008	429	400	233	263	30	2	31.92	31.92	31.92
juego3	easy	0.0	0.008	438	400	233	263	30	2	32.21	32.21	32.21
juego3	easy	0.0	0.008	446	400	233	262	29	2	32.41	32.41	32.41
juego3	easy	0.0	0.008	456	400	233	262	29	2	32.62	32.62	32.62
juego3	easy	0.0	0.008	464	400	233	261	28	2	32.75	32.75	32.75
juego3	easy	0.0	0.008	473	400	233	261	28	2	33.09	33.09	33.09
juego3	easy	0.0	0.008	482	400	233	259	26	2	33.62	33.62	33.62
juego3	easy	0.0	0.008	491	400	233	256	23	2	34.72	34.72	34.72
juego3	easy	0.0	0.008	499	400	233	255	22	2	35.39	35.39	35.39
juego3	easy	0.0	0.008	508	400	233	252	19	2	36.61	36.61	36.61
juego3	easy	0.0	0.008	517	400	233	248	15	2	37.93	37.93	37.93
juego3	easy	0.0	0.008	526	400	233	245	12	2	39.28	39.28	39.28
juego3	easy	0.0	0.008	535	400	233	242	9	2	40.55	40.55	40.55
juego3	easy	0.0	0.008	543	400	233	240	7	2	41.14	41.14	41.14
juego3	easy	0.0	0.008	552	400	233	238	5	2	42.16	42.16	42.16
juego3	easy	0.0	0.008	560	400	233	237	4	2	42.54	42.54	42.54
juego3	easy	0.0	0.008	567	400	233	235	2	2	43.07	43.07	43.07
juego3	easy	0.0	0.008	577	400	233	235	2	2	43.33	43.33	43.33
juego3	easy	0.0	0.008	586	400	233	235	2	2	43.38	43.38	43.38
juego3	easy	0.0	0.008	594	400	233	235	2	2	43.16	43.16	43.16
juego3	easy	0.0	0.008	603	400	233	236	3	2	42.7	42.7	42.7
juego3	easy	0.0	0.008	612	400	233	238	5	2	42.1	42.1	42.1
juego3	easy	0.0	0.008	621	400	233	240	7	2	41.19	41.19	41.19
juego3	easy	0.0	0.008	629	400	233	241	8	2	40.66	40.66	40.66
juego3	easy	0.0	0.008	638	400	233	244	11	2	39.78	39.78	39.78
juego3	easy	0.0	0.008	647	400	233	245	12	2	39.12	39.12	39.12
juego3	easy	0.0	0.008	656	400	233	246	13	2	38.73	38.73	38.73
juego3	easy	0.0	0.008	664	400	233	247	14	2	38.61	38.61	38.61
juego3	easy	0.0	0.008	672	400	233	247	14	2	38.5	38.5	38.5
juego3	easy	0.0	0.008	681	400	233	247	14	2	38.56	38.56	38.56
juego3	easy	0.0	0.008	689	400	233	247	14	2	38.64	38.64	38.64
juego3	easy	0.0	0.008	699	400	233	246	13	2	38.87	38.87	38.87
juego3	easy	0.0	0.008	708	400	233	245	12	2	39.21	39.21	39.21
juego3	easy	0.0	0.008	716	400	233	244	11	2	39.74	39.74	39.74
juego3	easy	0.0	0.008	726	400	233	242	9	2	40.27	40.27	40.27
juego3	easy	0.0	0.008	735	400	233	242	9	2	40.53	40.53	40.53
juego3	easy	0.0	0.008	744	400	233	241	8	2	40.96	40.96	40.96
juego3	easy	0.0	0.008	753	400	233	240	7	2	41.29	41.29	41.29
juego3	easy	0.0	0.008	761	400	233	240	7	2	41.41	41.41	41.41
juego3	easy	0.0	0.008	769	400	233	239	6	2	41.43	41.43	41.43
juego3	easy	0.0	0.008	778	400	233	240	7	2	41.39	41.39	41.39
juego3	easy	0.0	0.008	788	400	233	240	7	2	41.24	41.24	41.24
juego3	easy	0.0	0.008	796	400	233	240	7	2	41.03	41.03	41.03
juego3	easy	0.0	0.008	804	400	233	241	8	2	40.89	40.89	40.89
juego3	easy	0.0	0.008	813	400	233	242	9	2	40.52	40.52	40.52
juego3	easy	0.0	0.008	823	400	233	243	10	2	40.11	40.11	40.11
juego3	easy	0.0	0.008	831	400	233	243	10	2	39.92	39.92	39.92
juego3	easy	0.0	0.008	839	400	233	244	11	2	39.63	39.63	39.63
juego3	easy	0.0	0.008	848	400	233	244	11	2	39.48	39.48	39.48
juego3	easy	0.0	0.008	858	400	233	244	11	2	39.48	39.48	39.48
juego3	easy	0.0	0.008	867	400	233	244	11	2	39.62	39.62	39.62
juego3	easy	0.0	0.008	875	400	233	244	11	2	39.75	39.75	39.75
juego3	easy	0.0	0.008	885	400	233	243	10	2	39.99	39.99	39.99
juego3	easy	0.0	0.008	893	400	233	242	9	2	40.26	40.26	40.26
juego3	easy	0.0	0.008	902	400	233	242	9	2	40.56	40.56	40.56
juego3	easy	0.0	0.008	911	400	233	241	8	2	40.83	40.83	40.83
juego3	easy	0.0	0.008	919	400	233	241	8	2	40.95	40.95	40.95
juego3	easy	0.0	0.008	928	400	233	240	7	2	41.13	41.13	41.13
juego3	easy	0.0	0.008	937	400	233	240	7	2	41.25	41.25	41.25
juego3	easy	0.0	0.008	947	400	233	240	7	2	41.29	41.29	41.29
juego3	easy	0.0	0.008	955	400	233	240	7	2	41.31	41.31	41.31
juego3	easy	0.0	0.008	963	400	233	240	7	2	41.24	41.24	41.24
juego3	easy	0.0	0.008	972	400	233	240	7	2	41.15	41.15	41.15
juego3	easy	0.0	0.008	981	400	233	240	7	2	41.13	41.13	41.13
juego3	easy	0.0	0.008	989	400	233	240	7	2	41.14	41.14	41.14
juego3	easy	0.0	0.008	997	400	233	240	7	2	41.2	41.2	41.2
juego3	easy	0.0	0.008	1005	400	233	240	7	2	41.27	41.27	41.27
juego3	easy	0.0	0.008	1014	400	233	239	6	2	41.47	41.47	41.47
juego3	easy	0.0	0.008	1023	400	233	239	6	2	41.77	41.77	41.77
juego3	easy	0.0	0.008	1032	400	233	238	5	2	42.15	42.15	42.15
juego3	easy	0.0	0.008	1041	400	233	237	4	2	42.37	42.37	42.37
juego3	easy	0.0	0.008	1049	400	233	236	3	2	42.84	42.84	42.84
juego3	easy	0.0	0.008	1056	400	233	235	2	2	43.08	43.08	43.08
juego3	easy	0.0	0.008	1065	400	233	234	1	2	43.55	43.55	43.55
juego3	easy	0.0	0.008	1074	400	233	233	0	2	44.08	44.08	44.08
juego3	easy	0.0	0.008	1083	400	233	231	-2	2	44.65	44.65	44.65
juego3	easy	0.0	0.008	1093	400	233	230	-3	2	45.09	45.09	45.09
juego3	easy	0.0	0.008	1101	400	233	230	-3	2	45.28	45.28	45.28
juego3	easy	0.0	0.008	1109	400	233	229	-4	2	45.58	45.58	45.58
juego3	easy	0.0	0.008	1119	400	233	229	-4	2	45.78	45.78	45.78
juego3	easy	0.0	0.008	1127	400	233	228	-5	2	45.88	45.88	45.88
juego3	easy	0.0	0.008	1136	400	233	228	-5	2	45.91	45.91	45.91
juego3	easy	0.0	0.008	1145	400	233	228	-5	2	45.92	45.92	45.92
juego3	easy	0.0	0.008	1154	400	233	228	-5	2	45.88	45.88	45.88
juego3	easy	0.0	0.008	1162	400	233	228	-5	2	45.83	45.83	45.83
juego3	easy	0.0	0.008	1171	400	233	228	-5	2	45.8	45.8	45.8
juego3	easy	0.0	0.008	1181	400	233	229	-4	2	45.75	45.75	45.75
juego3	easy	0.0	0.008	1190	400	233	229	-4	2	45.71	45.71	45.71
juego3	easy	0.0	0.008	1198	400	233	229	-4	2	45.7	45.7	45.7
juego3	easy	0.0	0.008	1207	400	233	229	-4	2	45.73	45.73	45.73
juego3	easy	0.0	0.008	1215	400	233	229	-4	2	45.75	45.75	45.75
juego3	easy	0.0	0.008	1223	400	233	228	-5	2	45.83	45.83	45.83
juego3	easy	0.0	0.008	1231	400	233	228	-5	2	45.86	45.86	45.86
juego3	easy	0.0	0.008	1241	400	233	228	-5	2	45.92	45.92	45.92
juego3	easy	0.0	0.008	1249	400	233	228	-5	2	45.95	45.95	45.95
juego3	easy	0.0	0.008	1258	400	233	228	-5	2	45.96	45.96	45.96
juego3	easy	0.0	0.008	1267	400	233	228	-5	2	45.95	45.95	45.95
juego3	easy	0.0	0.008	1277	400	233	228	-5	2	45.91	45.91	45.91
juego3	easy	0.0	0.008	1284	400	233	228	-5	2	45.89	45.89	45.89
juego3	easy	0.0	0.008	1293	400	233	228	-5	2	45.82	45.82	45.82
juego3	easy	0.0	0.008	1303	400	233	229	-4	2	45.73	45.73	45.73
juego3	easy	0.0	0.008	1312	400	233	229	-4	2	45.66	45.66	45.66
juego3	easy	0.0	0.008	1320	400	233	229	-4	2	45.48	45.48	45.48
juego3	easy	0.0	0.008	1328	400	233	230	-3	2	45.28	45.28	45.28
juego3	easy	0.0	0.008	1336	400	233	230	-3	2	45.19	45.19	45.19
juego3	easy	0.0	0.008	1345	400	233	230	-3	2	45.03	45.03	45.03
juego3	easy	0.0	0.008	1354	400	233	231	-2	2	44.91	44.91	44.91
juego3	easy	0.0	0.008	1363	400	233	231	-2	2	44.84	44.84	44.84
juego3	easy	0.0	0.008	1371	400	233	231	-2	2	44.83	44.83	44.83
juego3	easy	0.0	0.008	1380	400	233	231	-2	2	44.83	44.83	44.83
juego3	easy	0.0	0.008	1388	400	233	231	-2	2	44.87	44.87	44.87
juego3	easy	0.0	0.008	1396	400	233	231	-2	2	44.89	44.89	44.89
juego3	easy	0.0	0.008	1406	400	233	231	-2	2	44.94	44.94	44.94
juego3	easy	0.0	0.008	1414	400	233	230	-3	2	45.0	45.0	45.0
juego3	easy	0.0	0.008	1423	400	233	230	-3	2	45.04	45.04	45.04
juego3	easy	0.0	0.008	1431	400	233	230	-3	2	45.06	45.06	45.06
juego3	easy	0.0	0.008	1440	400	233	230	-3	2	45.07	45.07	45.07
juego3	easy	0.0	0.008	1449	400	233	230	-3	2	45.04	45.04	45.04
juego3	easy	0.0	0.008	1458	400	233	230	-3	2	45.0	45.0	45.0
juego3	easy	0.0	0.008	1467	400	233	231	-2	2	44.96	44.96	44.96
juego3	easy	0.0	0.008	1475	400	233	231	-2	2	44.89	44.89	44.89
juego3	easy	0.0	0.008	1482	400	233	231	-2	2	44.82	44.82	44.82
juego3	easy	0.0	0.008	1491	400	233	231	-2	2	44.79	44.79	44.79
juego3	easy	0.0	0.008	1500	400	233	231	-2	2	44.72	44.72	44.72
juego3	easy	0.0	0.008	1509	400	233	231	-2	2	44.64	44.64	44.64
juego3	easy	0.0	0.008	1517	400	233	231	-2	2	44.62	44.62	44.62
juego3	easy	0.0	0.008	1525	400	233	232	-1	2	44.57	44.57	44.57
juego3	easy	0.0	0.008	1534	400	233	232	-1	2	44.52	44.52	44.52
juego3	easy	0.0	0.008	1543	400	233	232	-1	2	44.49	44.49	44.49
juego3	easy	0.0	0.008	1551	400	233	232	-1	2	44.47	44.47	44.47
juego3	easy	0.0	0.008	1559	400	233	232	-1	2	44.46	44.46	44.46
juego3	easy	0.0	0.008	1566	400	233	232	-1	2	44.46	44.46	44.46
juego3	easy	0.0	0.008	1575	400	233	232	-1	2	44.47	44.47	44.47
juego3	easy	0.0	0.008	1584	400	233	232	-1	2	44.52	44.52	44.52
juego3	easy	0.0	0.008	1593	400	233	232	-1	2	44.57	44.57	44.57
juego3	easy	0.0	0.008	1602	400	233	231	-2	2	44.6	44.6	44.6
juego3	easy	0.0	0.008	1611	400	233	231	-2	2	44.66	44.66	44.66
juego3	easy	0.0	0.008	1621	400	233	231	-2	2	44.74	44.74	44.74
juego3	easy	0.0	0.008	1629	400	233	231	-2	2	44.81	44.81	44.81
juego3	easy	0.0	0.008	1639	400	233	231	-2	2	44.85	44.85	44.85
juego3	easy	0.0	0.008	1647	400	233	231	-2	2	44.86	44.86	44.86
juego3	easy	0.0	0.008	1656	400	233	231	-2	2	44.86	44.86	44.86
juego3	easy	0.0	0.008	1664	400	233	231	-2	2	44.83	44.83	44.83
juego3	easy	0.0	0.008	1672	400	233	231	-2	2	44.82	44.82	44.82
juego3	easy	0.0	0.008	1681	400	233	231	-2	2	44.77	44.77	44.77
juego3	easy	0.0	0.008	1690	400	233	231	-2	2	44.73	44.73	44.73
juego3	easy	0.0	0.008	1698	400	233	231	-2	2	44.66	44.66	44.66
juego3	easy	0.0	0.008	1707	400	233	231	-2	2	44.63	44.63	44.63
juego3	easy	0.0	0.008	1716	400	233	232	-1	2	44.56	44.56	44.56
juego3	easy	0.0	0.008	1724	400	233	232	-1	2	44.52	44.52	44.52
juego3	easy	0.0	0.008	1732	400	233	232	-1	2	44.51	44.51	44.51
juego3	easy	0.0	0.008	1741	400	233	232	-1	2	44.5	44.5	44.5
juego3	easy	0.0	0.008	1750	400	233	232	-1	2	44.5	44.5	44.5
juego3	easy	0.0	0.008	1758	400	233	232	-1	2	44.52	44.52	44.52
juego3	easy	0.0	0.008	1767	400	233	232	-1	2	44.52	44.52	44.52
juego3	easy	0.0	0.008	1776	400	233	232	-1	2	44.56	44.56	44.56
juego3	easy	0.0	0.008	1785	400	233	232	-1	2	44.59	44.59	44.59
juego3	easy	0.0	0.008	1793	400	233	231	-2	2	44.63	44.63	44.63
juego3	easy	0.0	0.008	1802	400	233	231	-2	2	44.64	44.64	44.64
juego3	easy	0.0	0.008	1811	400	233	231	-2	2	44.66	44.66	44.66
juego3	easy	0.0	0.008	1820	400	233	231	-2	2	44.66	44.66	44.66
juego3	easy	0.0	0.008	1828	400	233	231	-2	2	44.65	44.65	44.65
juego3	easy	0.0	0.008	1837	400	233	231	-2	2	44.63	44.63	44.63
juego3	easy	0.0	0.008	1846	400	233	232	-1	2	44.59	44.59	44.59
juego3	easy	0.0	0.008	1855	400	233	232	-1	2	44.53	44.53	44.53
juego3	easy	0.0	0.008	1864	400	233	232	-1	2	44.45	44.45	44.45
juego3	easy	0.0	0.008	1873	400	233	232	-1	2	44.39	44.39	44.39
juego3	easy	0.0	0.008	1883	400	233	232	-1	2	44.21	44.21	44.21
juego3	easy	0.0	0.008	1891	400	233	233	0	2	44.02	44.02	44.02
juego3	easy	0.0	0.008	1900	400	233	233	0	2	43.81	43.81	43.81
juego3	easy	0.0	0.008	1909	400	233	234	1	2	43.57	43.57	43.57
juego3	easy	0.0	0.008	1918	400	233	235	2	2	43.33	43.33	43.33
juego3	easy	0.0	0.008	1927	400	233	235	2	2	43.2	43.2	43.2
juego3	easy	0.0	0.008	1936	400	233	236	3	2	42.93	42.93	42.93
juego3	easy	0.0	0.008	1945	400	233	236	3	2	42.62	42.62	42.62
juego3	easy	0.0	0.008	1954	400	233	237	4	2	42.27	42.27	42.27
juego3	easy	0.0	0.008	1963	400	233	238	5	2	42.08	42.08	42.08
juego3	easy	0.0	0.008	1973	400	233	239	6	2	41.69	41.69	41.69
juego3	easy	0.0	0.008	1981	400	233	240	7	2	41.25	41.25	41.25
juego3	easy	0.0	0.008	1990	400	233	241	8	2	40.75	40.75	40.75
juego3	easy	0.0	0.008	1999	400	233	243	10	2	40.22	40.22	40.22
juego3	easy	0.0	0.008	0	400	233	244	11	3	39.73	39.73	39.73
juego3	easy	80.0	0.008	7	400	167	244	77	3	39.54	39.54	39.54
juego3	easy	80.0	0.008	16	400	167	245	78	3	39.11	39.11	39.11
juego3	easy	80.0	0.008	25	400	167	247	80	3	38.6	38.6	38.6
juego3	easy	80.0	0.008	35	400	167	248	81	3	38.01	38.01	38.01
juego3	easy	80.0	0.008	43	400	167	249	82	3	37.69	37.69	37.69
juego3	easy	80.0	0.008	52	400	167	251	84	3	36.99	36.99	36.99
juego3	easy	80.0	0.008	62	400	167	253	86	3	36.24	36.24	36.24
juego3	easy	80.0	0.008	70	400	167	255	88	3	35.44	35.44	35.44
juego3	easy	80.0	0.008	79	400	167	256	89	3	35.03	35.03	35.03
juego3	easy	80.0	0.008	88	400	167	258	91	3	34.18	34.18	34.18
juego3	easy	80.0	0.008	96	400	167	260	93	3	33.17	33.17	33.17
juego3	easy	80.0	0.008	106	400	167	263	96	3	31.95	31.95	31.95
juego3	easy	80.0	0.008	114	400	167	265	98	3	31.35	31.35	31.35
juego3	easy	80.0	0.008	123	400	167	267	100	3	30.46	30.46	30.46
juego3	easy	80.0	0.008	132	400	167	269	102	3	29.8	29.8	29.8
juego3	easy	80.0	0.008	140	400	167	270	103	3	29.23	29.23	29.23
juego3	easy	80.0	0.008	149	400	167	271	104	3	28.89	28.89	28.89
juego3	easy	80.0	0.008	157	400	167	272	105	3	28.41	28.41	28.41
juego3	easy	80.0	0.008	167	400	167	273	106	3	27.94	27.94	27.94
juego3	easy	80.0	0.008	176	400	167	275	108	3	27.52	27.52	27.52
juego3	easy	80.0	0.008	184	400	167	275	108	3	27.32	27.32	27.32
juego3	easy	80.0	0.008	194	400	167	276	109	3	26.92	26.92	26.92
juego3	easy	80.0	0.008	202	400	167	277	110	3	26.54	26.54	26.54
juego3	easy	80.0	0.008	211	400	167	278	111	3	25.96	25.96	25.96
juego3	easy	80.0	0.008	218	400	167	279	112	3	25.68	25.68	25.68
juego3	easy	80.0	0.008	227	400	167	281	114	3	25.08	25.08	25.08
juego3	easy	80.0	0.008	235	400	167	281	114	3	24.79	24.79	24.79
juego3	easy	80.0	0.008	243	400	167	283	116	3	24.23	24.23	24.23
juego3	easy	80.0	0.008	252	400	167	284	117	3	23.75	23.75	23.75
juego3	easy	80.0	0.008	261	400	167	285	118	3	23.33	23.33	23.33
juego3	easy	80.0	0.008	269	400	167	286	119	3	23.15	23.15	23.15
juego3	easy	80.0	0.008	278	400	167	286	119	3	22.85	22.85	22.85
juego3	easy	80.0	0.008	286	400	167	287	120	3	22.61	22.61	22.61
juego3	easy	80.0	0.008	296	400	167	287	120	3	22.48	22.48	22.48
juego3	easy	80.0	0.008	304	400	167	287	120	3	22.41	22.41	22.41
juego3	easy	80.0	0.008	313	400	167	288	121	3	22.28	22.28	22.28
juego3	easy	80.0	0.008	322	400	167	288	121	3	22.11	22.11	22.11
juego3	easy	80.0	0.008	331	400	167	289	122	3	21.8	21.8	21.8
juego3	easy	80.0	0.008	338	400	167	289	122	3	21.64	21.64	21.64
juego3	easy	80.0	0.008	348	400	167	290	123	3	21.28	21.28	21.28
juego3	easy	80.0	0.008	356	400	167	291	124	3	20.89	20.89	20.89
juego3	easy	80.0	0.008	364	400	167	291	124	3	20.89	20.89	20.89
juego3	easy	80.0	0.008	373	400	167	293	126	3	20.22	20.22	20.22
juego3	easy	80.0	0.008	381	400	167	294	127	3	19.72	19.72	19.72
juego3	easy	80.0	0.008	390	400	167	295	128	3	19.47	19.47	19.47
juego3	easy	80.0	0.008	398	400	167	296	129	3	19.03	19.03	19.03
juego3	easy	80.0	0.008	407	400	167	297	130	3	18.79	18.79	18.79
juego3	easy	80.0	0.008	416	400	167	297	130	3	18.76	18.76	18.76
juego3	easy	80.0	0.008	425	400	167	296	129	3	18.85	18.85	18.85
juego3	easy	80.0	0.008	434	400	167	295	128	3	19.36	19.36	19.36
juego3	easy	80.0	0.008	442	400	167	292	125	3	20.47	20.47	20.47
juego3	easy	80.0	0.008	451	400	167	289	122	3	21.63	21.63	21.63
juego3	easy	80.0	0.008	460	400	167	288	121	3	22.34	22.34	22.34
juego3	easy	80.0	0.008	468	400	167	283	116	3	24.02	24.02	24.02
juego3	easy	80.0	0.008	477	400	167	279	112	3	25.94	25.94	25.94
juego3	easy	80.0	0.008	485	400	167	276	109	3	26.94	26.94	26.94
juego3	easy	80.0	0.008	494	400	167	271	104	3	29.0	29.0	29.0
juego3	easy	80.0	0.008	504	400	167	266	99	3	30.97	30.97	30.97
juego3	easy	80.0	0.008	513	400	167	262	95	3	32.65	32.65	32.65
juego3	easy	80.0	0.008	522	400	167	258	91	3	33.89	33.89	33.89
juego3	easy	80.0	0.008	530	400	167	256	89	3	35.03	35.03	35.03
juego3	easy	80.0	0.008	538	400	167	253	86	3	35.89	35.89	35.89
juego3	easy	80.0	0.008	546	400	167	253	86	3	36.25	36.25	36.25
juego3	easy	80.0	0.008	555	400	167	252	85	3	36.28	36.28	36.28
juego3	easy	80.0	0.008	564	400	167	253	86	3	36.15	36.15	36.15
juego3	easy	80.0	0.008	573	400	167	254	87	3	35.82	35.82	35.82
juego3	easy	80.0	0.008	581	400	167	255	88	3	35.39	35.39	35.39
juego3	easy	80.0	0.008	589	400	167	255	88	3	35.17	35.17	35.17
juego3	easy	80.0	0.008	598	400	167	256	89	3	34.92	34.92	34.92
juego3	easy	80.0	0.008	606	400	167	256	89	3	34.83	34.83	34.83
juego3	easy	80.0	0.008	616	400	167	256	89	3	34.97	34.97	34.97
juego3	easy	80.0	0.008	624	400	167	255	88	3	35.11	35.11	35.11
juego3	easy	80.0	0.008	633	400	167	254	87	3	35.72	35.72	35.72
juego3	easy	80.0	0.008	642	400	167	252	85	3	36.54	36.54	36.54
juego3	easy	80.0	0.008	650	400	167	251	84	3	37.0	37.0	37.0
juego3	easy	80.0	0.008	659	400	167	248	81	3	38.05	38.05	38.05
juego3	easy	80.0	0.008	668	400	167	245	78	3	39.11	39.11	39.11
juego3	easy	80.0	0.008	677	400	167	243	76	3	40.12	40.12	40.12
juego3	easy	80.0	0.008	685	400	167	242	75	3	40.42	40.42	40.42
juego3	easy	80.0	0.008	694	400	167	240	73	3	41.1	41.1	41.1
juego3	easy	80.0	0.008	703	400	167	239	72	3	41.7	41.7	41.7
juego3	easy	80.0	0.008	711	400	167	239	72	3	41.7	41.7	41.7
juego3	easy	80.0	0.008	720	400	167	237	70	3	42.25	42.25	42.25
juego3	easy	80.0	0.008	730	400	167	237	70	3	42.35	42.35	42.35
juego3	easy	80.0	0.008	738	400	167	237	70	3	42.3	42.3	42.3
juego3	easy	80.0	0.008	747	400	167	238	71	3	42.07	42.07	42.07
juego3	easy	80.0	0.008	755	400	167	238	71	3	41.9	41.9	41.9
juego3	easy	80.0	0.008	764	400	167	239	72	3	41.52	41.52	41.52
juego3	easy	80.0	0.008	773	400	167	240	73	3	41.18	41.18	41.18
juego3	easy	80.0	0.008	782	400	167	241	74	3	40.93	40.93	40.93
juego3	easy	80.0	0.008	792	400	167	241	74	3	40.86	40.86	40.86
juego3	easy	80.0	0.008	800	400	167	241	74	3	40.89	40.89	40.89
juego3	easy	80.0	0.008	809	400	167	240	73	3	41.09	41.09	41.09
juego3	easy	80.0	0.008	818	400	167	240	73	3	41.39	41.39	41.39
juego3	easy	80.0	0.008	827	400	167	239	72	3	41.79	41.79	41.79
juego3	easy	80.0	0.008	836	400	167	238	71	3	42.02	42.02	42.02
juego3	easy	80.0	0.008	844	400	167	236	69	3	42.72	42.72	42.72
juego3	easy	80.0	0.008	853	400	167	235	68	3	43.39	43.39	43.39
juego3	easy	80.0	0.008	861	400	167	234	67	3	43.69	43.69	43.69
juego3	easy	80.0	0.008	870	400	167	232	65	3	44.25	44.25	44.25
juego3	easy	80.0	0.008	880	400	167	231	64	3	44.68	44.68	44.68
juego3	easy	80.0	0.008	888	400	167	231	64	3	44.95	44.95	44.95
juego3	easy	80.0	0.008	896	400	167	230	63	3	45.03	45.03	45.03
juego3	easy	80.0	0.008	906	400	167	230	63	3	45.06	45.06	45.06
juego3	easy	80.0	0.008	914	400	167	231	64	3	44.95	44.95	44.95
juego3	easy	80.0	0.008	923	400	167	231	64	3	44.73	44.73	44.73
juego3	easy	80.0	0.008	932	400	167	231	64	3	44.61	44.61	44.61
juego3	easy	80.0	0.008	940	400	167	232	65	3	44.41	44.41	44.41
juego3	easy	80.0	0.008	949	400	167	232	65	3	44.24	44.24	44.24
juego3	easy	80.0	0.008	958	400	167	233	66	3	44.11	44.11	44.11
juego3	easy	80.0	0.008	966	400	167	233	66	3	44.05	44.05	44.05
juego3	easy	80.0	0.008	974	400	167	233	66	3	44.02	44.02	44.02
juego3	easy	80.0	0.008	983	400	167	233	66	3	44.07	44.07	44.07
juego3	easy	80.0	0.008	992	400	167	232	65	3	44.22	44.22	44.22
juego3	easy	80.0	0.008	1001	400	167	232	65	3	44.33	44.33	44.33
juego3	easy	80.0	0.008	1009	400	167	231	64	3	44.63	44.63	44.63
juego3	easy	80.0	0.008	1018	400	167	231	64	3	44.99	44.99	44.99
juego3	easy	80.0	0.008	1026	400	167	230	63	3	45.18	45.18	45.18
juego3	easy	80.0	0.008	1034	400	167	229	62	3	45.58	45.58	45.58
juego3	easy	80.0	0.008	1043	400	167	228	61	3	45.97	45.97	45.97
juego3	easy	80.0	0.008	1051	400	167	228	61	3	46.08	46.08	46.08
juego3	easy	80.0	0.008	1060	400	167	227	60	3	46.27	46.27	46.27
juego3	easy	80.0	0.008	1068	400	167	227	60	3	46.39	46.39	46.39
juego3	easy	80.0	0.008	1078	400	167	227	60	3	46.43	46.43	46.43
juego3	easy	80.0	0.008	1086	400	167	227	60	3	46.42	46.42	46.42
juego3	easy	80.0	0.008	1094	400	167	227	60	3	46.35	46.35	46.35
juego3	easy	80.0	0.008	1103	400	167	228	61	3	46.14	46.14	46.14
juego3	easy	80.0	0.008	1111	400	167	228	61	3	46.01	46.01	46.01
juego3	easy	80.0	0.008	1120	400	167	229	62	3	45.68	45.68	45.68
juego3	easy	80.0	0.008	1130	400	167	230	63	3	45.33	45.33	45.33
juego3	easy	80.0	0.008	1138	400	167	230	63	3	45.01	45.01	45.01
juego3	easy	80.0	0.008	1148	400	167	231	64	3	44.78	44.78	44.78
juego3	easy	80.0	0.008	1156	400	167	231	64	3	44.7	44.7	44.7
juego3	easy	80.0	0.008	1165	400	167	231	64	3	44.63	44.63	44.63
juego3	easy	80.0	0.008	1175	400	167	231	64	3	44.66	44.66	44.66
juego3	easy	80.0	0.008	1183	400	167	231	64	3	44.75	44.75	44.75
juego3	easy	80.0	0.008	1191	400	167	231	64	3	44.81	44.81	44.81
juego3	easy	80.0	0.008	1198	400	167	230	63	3	45.04	45.04	45.04
juego3	easy	80.0	0.008	1207	400	167	230	63	3	45.16	45.16	45.16
juego3	easy	80.0	0.008	1216	400	167	229	62	3	45.41	45.41	45.41
juego3	easy	80.0	0.008	1225	400	167	229	62	3	45.67	45.67	45.67
juego3	easy	80.0	0.008	1234	400	167	228	61	3	45.89	45.89	45.89
juego3	easy	80.0	0.008	1242	400	167	228	61	3	45.99	45.99	45.99
juego3	easy	80.0	0.008	1250	400	167	228	61	3	46.11	46.11	46.11
juego3	easy	80.0	0.008	1259	400	167	228	61	3	46.15	46.15	46.15
juego3	easy	80.0	0.008	1269	400	167	228	61	3	46.12	46.12	46.12
juego3	easy	80.0	0.008	1277	400	167	228	61	3	46.05	46.05	46.05
juego3	easy	80.0	0.008	1286	400	167	228	61	3	46.0	46.0	46.0
juego3	easy	80.0	0.008	1295	400	167	228	61	3	45.88	45.88	45.88
juego3	easy	80.0	0.008	1304	400	167	229	62	3	45.73	45.73	45.73
juego3	easy	80.0	0.008	1312	400	167	229	62	3	45.65	45.65	45.65
juego3	easy	80.0	0.008	1321	400	167	229	62	3	45.49	45.49	45.49
juego3	easy	80.0	0.008	1330	400	167	230	63	3	45.39	45.39	45.39
juego3	easy	80.0	0.008	1339	400	167	230	63	3	45.34	45.34	45.34
juego3	easy	80.0	0.008	1348	400	167	230	63	3	45.28	45.28	45.28
juego3	easy	80.0	0.008	1356	400	167	230	63	3	45.26	45.26	45.26
juego3	easy	80.0	0.008	1365	400	167	230	63	3	45.24	45.24	45.24
juego3	easy	80.0	0.008	1374	400	167	230	63	3	45.25	45.25	45.25
juego3	easy	80.0	0.008	1383	400	167	230	63	3	45.31	45.31	45.31
juego3	easy	80.0	0.008	1391	400	167	230	63	3	45.35	45.35	45.35
juego3	easy	80.0	0.008	1400	400	167	229	62	3	45.48	45.48	45.48
juego3	easy	80.0	0.008	1408	400	167	229	62	3	45.67	45.67	45.67
juego3	easy	80.0	0.008	1417	400	167	229	62	3	45.76	45.76	45.76
juego3	easy	80.0	0.008	1426	400	167	228	61	3	45.91	45.91	45.91
juego3	easy	80.0	0.008	1434	400	167	228	61	3	46.03	46.03	46.03
juego3	easy	80.0	0.008	1443	400	167	228	61	3	46.08	46.08	46.08
juego3	easy	80.0	0.008	1451	400	167	228	61	3	46.16	46.16	46.16
juego3	easy	80.0	0.008	1460	400	167	227	60	3	46.2	46.2	46.2
juego3	easy	80.0	0.008	1470	400	167	227	60	3	46.2	46.2	46.2
juego3	easy	80.0	0.008	1478	400	167	228	61	3	46.16	46.16	46.16
juego3	easy	80.0	0.008	1487	400	167	228	61	3	46.13	46.13	46.13
juego3	easy	80.0	0.008	1496	400	167	228	61	3	46.07	46.07	46.07
juego3	easy	80.0	0.008	1505	400	167	228	61	3	46.0	46.0	46.0
juego3	easy	80.0	0.008	1515	400	167	228	61	3	45.97	45.97	45.97
juego3	easy	80.0	0.008	1524	400	167	228	61	3	45.96	45.96	45.96
juego3	easy	80.0	0.008	1532	400	167	228	61	3	45.96	45.96	45.96
juego3	easy	80.0	0.008	1541	400	167	228	61	3	45.96	45.96	45.96
juego3	easy	80.0	0.008	1551	400	167	228	61	3	45.98	45.98	45.98
juego3	easy	80.0	0.008	1559	400	167	228	61	3	46.04	46.04	46.04
juego3	easy	80.0	0.008	1568	400	167	228	61	3	46.08	46.08	46.08
juego3	easy	80.0	0.008	1578	400	167	228	61	3	46.18	46.18	46.18
juego3	easy	80.0	0.008	1586	400	167	227	60	3	46.3	46.3	46.3
juego3	easy	80.0	0.008	1595	400	167	227	60	3	46.42	46.42	46.42
juego3	easy	80.0	0.008	1603	400	167	227	60	3	46.47	46.47	46.47
juego3	easy	80.0	0.008	1612	400	167	227	60	3	46.54	46.54	46.54
juego3	easy	80.0	0.008	1621	400	167	226	59	3	46.62	46.62	46.62
juego3	easy	80.0	0.008	1630	400	167	226	59	3	46.67	46.67	46.67
juego3	easy	80.0	0.008	1639	400	167	226	59	3	46.73	46.73	46.73
juego3	easy	80.0	0.008	1647	400	167	226	59	3	46.74	46.74	46.74
juego3	easy	80.0	0.008	1656	400	167	226	59	3	46.79	46.79	46.79
juego3	easy	80.0	0.008	1664	400	167	226	59	3	46.83	46.83	46.83
juego3	easy	80.0	0.008	1672	400	167	226	59	3	46.84	46.84	46.84
juego3	easy	80.0	0.008	1682	400	167	226	59	3	46.86	46.86	46.86
juego3	easy	80.0	0.008	1690	400	167	226	59	3	46.86	46.86	46.86
juego3	easy	80.0	0.008	1699	400	167	226	59	3	46.85	46.85	46.85
juego3	easy	80.0	0.008	1707	400	167	226	59	3	46.84	46.84	46.84
juego3	easy	80.0	0.008	1714	400	167	226	59	3	46.82	46.82	46.82
juego3	easy	80.0	0.008	1724	400	167	226	59	3	46.83	46.83	46.83
juego3	easy	80.0	0.008	1731	400	167	226	59	3	46.84	46.84	46.84
juego3	easy	80.0	0.008	1740	400	167	226	59	3	46.88	46.88	46.88
juego3	easy	80.0	0.008	1748	400	167	226	59	3	46.9	46.9	46.9
juego3	easy	80.0	0.008	1757	400	167	225	58	3	46.99	46.99	46.99
juego3	easy	80.0	0.008	1766	400	167	225	58	3	47.16	47.16	47.16
juego3	easy	80.0	0.008	1774	400	167	225	58	3	47.28	47.28	47.28
juego3	easy	80.0	0.008	1783	400	167	224	57	3	47.57	47.57	47.57
juego3	easy	80.0	0.008	1792	400	167	223	56	3	47.91	47.91	47.91
juego3	easy	80.0	0.008	1800	400	167	222	55	3	48.3	48.3	48.3
juego3	easy	80.0	0.008	1809	400	167	221	54	3	48.6	48.6	48.6
juego3	easy	80.0	0.008	1818	400	167	221	54	3	48.76	48.76	48.76
juego3	easy	80.0	0.008	1827	400	167	220	53	3	49.25	49.25	49.25
juego3	easy	80.0	0.008	1835	400	167	218	51	3	49.97	49.97	49.97
juego3	easy	80.0	0.008	1842	400	167	217	50	3	50.4	50.4	50.4
juego3	easy	80.0	0.008	1851	400	167	215	48	3	51.31	51.31	51.31
juego3	easy	80.0	0.008	1859	400	167	212	45	3	52.17	52.17	52.17
juego3	easy	80.0	0.008	1868	400	167	211	44	3	52.76	52.76	52.76
juego3	easy	80.0	0.008	1877	400	167	208	41	3	54.05	54.05	54.05
juego3	easy	80.0	0.008	1887	400	167	205	38	3	55.3	55.3	55.3
juego3	easy	80.0	0.008	1894	400	167	202	35	3	56.3	56.3	56.3
juego3	easy	80.0	0.008	1904	400	167	201	34	3	56.79	56.79	56.79
juego3	easy	80.0	0.008	1912	400	167	198	31	3	57.8	57.8	57.8
juego3	easy	80.0	0.008	1920	400	167	196	29	3	58.82	58.82	58.82
juego3	easy	80.0	0.008	1929	400	167	192	25	3	60.11	60.11	60.11
juego3	easy	80.0	0.008	1938	400	167	191	24	3	60.57	60.57	60.57
juego3	easy	80.0	0.008	1948	400	167	189	22	3	61.4	61.4	61.4
juego3	easy	80.0	0.008	1956	400	167	187	20	3	62.11	62.11	62.11
juego3	easy	80.0	0.008	1964	400	167	186	19	3	62.71	62.71	62.71
juego3	easy	80.0	0.008	1973	400	167	185	18	3	62.96	62.96	62.96
juego3	easy	80.0	0.008	1981	400	167	184	17	3	63.35	63.35	63.35
juego3	easy	80.0	0.008	1990	400	167	184	17	3	63.57	63.57	63.57
juego3	easy	80.0	0.008	1998	400	167	183	16	3	63.72	63.72	63.72
juego3	easy	80.0	0.008	0	400	167	183	16	4	63.91	63.91	63.91
juego3	easy	0.0	0.008	9	400	233	183	-50	4	63.76	63.76	63.76
juego3	easy	0.0	0.008	17	400	233	184	-49	4	63.59	63.59	63.59
juego3	easy	0.0	0.008	26	400	233	184	-49	4	63.5	63.5	63.5
juego3	easy	0.0	0.008	35	400	233	184	-49	4	63.35	63.35	63.35
juego3	easy	0.0	0.008	44	400	233	184	-49	4	63.35	63.35	63.35
juego3	easy	0.0	0.008	53	400	233	184	-49	4	63.46	63.46	63.46
juego3	easy	0.0	0.008	62	400	233	183	-50	4	63.7	63.7	63.7
juego3	easy	0.0	0.008	72	400	233	182	-51	4	64.04	64.04	64.04
juego3	easy	0.0	0.008	81	400	233	182	-51	4	64.24	64.24	64.24
juego3	easy	0.0	0.008	89	400	233	181	-52	4	64.71	64.71	64.71
juego3	easy	0.0	0.008	98	400	233	179	-54	4	65.32	65.32	65.32
juego3	easy	0.0	0.008	106	400	233	178	-55	4	65.66	65.66	65.66
juego3	easy	0.0	0.008	115	400	233	177	-56	4	66.05	66.05	66.05
juego3	easy	0.0	0.008	124	400	233	177	-56	4	66.3	66.3	66.3
juego3	easy	0.0	0.008	133	400	233	177	-56	4	66.38	66.38	66.38
juego3	easy	0.0	0.008	142	400	233	177	-56	4	66.31	66.31	66.31
juego3	easy	0.0	0.008	150	400	233	177	-56	4	66.23	66.23	66.23
juego3	easy	0.0	0.008	159	400	233	178	-55	4	65.87	65.87	65.87
juego3	easy	0.0	0.008	168	400	233	179	-54	4	65.44	65.44	65.44
juego3	easy	0.0	0.008	177	400	233	180	-53	4	65.01	65.01	65.01
juego3	easy	0.0	0.008	186	400	233	181	-52	4	64.8	64.8	64.8
juego3	easy	0.0	0.008	194	400	233	181	-52	4	64.44	64.44	64.44
juego3	easy	0.0	0.008	202	400	233	182	-51	4	64.27	64.27	64.27
juego3	easy	0.0	0.008	211	400	233	182	-51	4	64.21	64.21	64.21
juego3	easy	0.0	0.008	220	400	233	182	-51	4	64.16	64.16	64.16
juego3	easy	0.0	0.008	229	400	233	182	-51	4	64.2	64.2	64.2
juego3	easy	0.0	0.008	237	400	233	182	-51	4	64.31	64.31	64.31
juego3	easy	0.0	0.008	246	400	233	182	-51	4	64.39	64.39	64.39
juego3	easy	0.0	0.008	255	400	233	181	-52	4	64.57	64.57	64.57
juego3	easy	0.0	0.008	264	400	233	181	-52	4	64.75	64.75	64.75
juego3	easy	0.0	0.008	273	400	233	180	-53	4	64.91	64.91	64.91
juego3	easy	0.0	0.008	281	400	233	180	-53	4	64.97	64.97	64.97
juego3	easy	0.0	0.008	290	400	233	180	-53	4	65.03	65.03	65.03
juego3	easy	0.0	0.008	299	400	233	180	-53	4	65.01	65.01	65.01
juego3	easy	0.0	0.008	308	400	233	180	-53	4	64.9	64.9	64.9
juego3	easy	0.0	0.008	317	400	233	181	-52	4	64.81	64.81	64.81
juego3	easy	0.0	0.008	326	400	233	181	-52	4	64.58	64.58	64.58
juego3	easy	0.0	0.008	335	400	233	182	-51	4	64.3	64.3	64.3
juego3	easy	0.0	0.008	343	400	233	183	-50	4	63.93	63.93	63.93
juego3	easy	0.0	0.008	353	400	233	184	-49	4	63.48	63.48	63.48
juego3	easy	0.0	0.008	360	400	233	184	-49	4	63.25	63.25	63.25
juego3	easy	0.0	0.008	369	400	233	185	-48	4	62.86	62.86	62.86
juego3	easy	0.0	0.008	377	400	233	186	-47	4	62.7	62.7	62.7
juego3	easy	0.0	0.008	386	400	233	186	-47	4	62.53	62.53	62.53
juego3	easy	0.0	0.008	395	400	233	187	-46	4	62.43	62.43	62.43
juego3	easy	0.0	0.008	405	400	233	187	-46	4	62.41	62.41	62.41
juego3	easy	0.0	0.008	414	400	233	186	-47	4	62.46	62.46	62.46
juego3	easy	0.0	0.008	423	400	233	186	-47	4	62.5	62.5	62.5
juego3	easy	0.0	0.008	431	400	233	186	-47	4	62.61	62.61	62.61
juego3	easy	0.0	0.008	440	400	233	186	-47	4	62.73	62.73	62.73
juego3	easy	0.0	0.008	448	400	233	186	-47	4	62.83	62.83	62.83
juego3	easy	0.0	0.008	456	400	233	185	-48	4	62.87	62.87	62.87
juego3	easy	0.0	0.008	464	400	233	185	-48	4	62.92	62.92	62.92
juego3	easy	0.0	0.008	473	400	233	185	-48	4	62.9	62.9	62.9
juego3	easy	0.0	0.008	483	400	233	186	-47	4	62.79	62.79	62.79
juego3	easy	0.0	0.008	491	400	233	186	-47	4	62.71	62.71	62.71
juego3	easy	0.0	0.008	500	400	233	186	-47	4	62.48	62.48	62.48
juego3	easy	0.0	0.008	509	400	233	187	-46	4	62.15	62.15	62.15
juego3	easy	0.0	0.008	518	400	233	188	-45	4	61.71	61.71	61.71
juego3	easy	0.0	0.008	528	400	233	190	-43	4	61.15	61.15	61.15
juego3	easy	0.0	0.008	537	400	233	191	-42	4	60.81	60.81	60.81
juego3	easy	0.0	0.008	545	400	233	193	-40	4	59.98	59.98	59.98
juego3	easy	0.0	0.008	553	400	233	195	-38	4	58.99	58.99	58.99
juego3	easy	0.0	0.008	562	400	233	197	-36	4	58.41	58.41	58.41
juego3	easy	0.0	0.008	570	400	233	200	-33	4	57.17	57.17	57.17
juego3	easy	0.0	0.008	578	400	233	204	-29	4	55.37	55.37	55.37
juego3	easy	0.0	0.008	587	400	233	207	-26	4	54.23	54.23	54.23
juego3	easy	0.0	0.008	596	400	233	213	-20	4	51.78	51.78	51.78
juego3	easy	0.0	0.008	605	400	233	220	-13	4	49.32	49.32	49.32
juego3	easy	0.0	0.008	614	400	233	225	-8	4	47.23	47.23	47.23
juego3	easy	0.0	0.008	623	400	233	227	-6	4	46.25	46.25	46.25
juego3	easy	0.0	0.008	632	400	233	233	0	4	44.1	44.1	44.1
juego3	easy	0.0	0.008	641	400	233	238	5	4	42.02	42.02	42.02
juego3	easy	0.0	0.008	649	400	233	242	9	4	40.61	40.61	40.61
juego3	easy	0.0	0.008	658	400	233	243	10	4	40.14	40.14	40.14
juego3	easy	0.0	0.008	666	400	233	244	11	4	39.79	39.79	39.79
juego3	easy	0.0	0.008	675	400	233	243	10	4	40.02	40.02	40.02
juego3	easy	0.0	0.008	683	400	233	241	8	4	40.68	40.68	40.68
juego3	easy	0.0	0.008	691	400	233	240	7	4	41.13	41.13	41.13
juego3	easy	0.0	0.008	700	400	233	238	5	4	42.2	42.2	42.2
juego3	easy	0.0	0.008	709	400	233	234	1	4	43.59	43.59	43.59
juego3	easy	0.0	0.008	718	400	233	232	-1	4	44.41	44.41	44.41
juego3	easy	0.0	0.008	726	400	233	228	-5	4	45.97	45.97	45.97
juego3	easy	0.0	0.008	735	400	233	225	-8	4	47.19	47.19	47.19
juego3	easy	0.0	0.008	745	400	233	223	-10	4	47.98	47.98	47.98
juego3	easy	0.0	0.008	752	400	233	222	-11	4	48.2	48.2	48.2
juego3	easy	0.0	0.008	761	400	233	222	-11	4	48.18	48.18	48.18
juego3	easy	0.0	0.008	769	400	233	223	-10	4	47.95	47.95	47.95
juego3	easy	0.0	0.008	778	400	233	224	-9	4	47.72	47.72	47.72
juego3	easy	0.0	0.008	787	400	233	225	-8	4	47.09	47.09	47.09
juego3	easy	0.0	0.008	796	400	233	228	-5	4	46.09	46.09	46.09
juego3	easy	0.0	0.008	805	400	233	231	-2	4	44.8	44.8	44.8
juego3	easy	0.0	0.008	814	400	233	234	1	4	43.67	43.67	43.67
juego3	easy	0.0	0.008	822	400	233	235	2	4	43.29	43.29	43.29
juego3	easy	0.0	0.008	830	400	233	236	3	4	42.64	42.64	42.64
juego3	easy	0.0	0.008	839	400	233	237	4	4	42.4	42.4	42.4
juego3	easy	0.0	0.008	847	400	233	238	5	4	42.01	42.01	42.01
juego3	easy	0.0	0.008	856	400	233	238	5	4	41.96	41.96	41.96
juego3	easy	0.0	0.008	865	400	233	238	5	4	42.18	42.18	42.18
juego3	easy	0.0	0.008	873	400	233	237	4	4	42.38	42.38	42.38
juego3	easy	0.0	0.008	882	400	233	236	3	4	42.89	42.89	42.89
juego3	easy	0.0	0.008	890	400	233	234	1	4	43.5	43.5	43.5
juego3	easy	0.0	0.008	897	400	233	233	0	4	43.83	43.83	43.83
juego3	easy	0.0	0.008	907	400	233	232	-1	4	44.43	44.43	44.43
juego3	easy	0.0	0.008	915	400	233	230	-3	4	45.02	45.02	45.02
juego3	easy	0.0	0.008	924	400	233	229	-4	4	45.57	45.57	45.57
juego3	easy	0.0	0.008	932	400	233	229	-4	4	45.69	45.69	45.69
juego3	easy	0.0	0.008	941	400	233	229	-4	4	45.78	45.78	45.78
juego3	easy	0.0	0.008	951	400	233	229	-4	4	45.66	45.66	45.66
juego3	easy	0.0	0.008	959	400	233	230	-3	4	45.39	45.39	45.39
juego3	easy	0.0	0.008	968	400	233	230	-3	4	45.21	45.21	45.21
juego3	easy	0.0	0.008	977	400	233	231	-2	4	44.69	44.69	44.69
juego3	easy	0.0	0.008	985	400	233	233	0	4	44.02	44.02	44.02
juego3	easy	0.0	0.008	993	400	233	234	1	4	43.69	43.69	43.69
juego3	easy	0.0	0.008	1002	400	233	235	2	4	43.22	43.22	43.22
juego3	easy	0.0	0.008	1010	400	233	236	3	4	42.79	42.79	42.79
juego3	easy	0.0	0.008	1018	400	233	236	3	4	42.65	42.65	42.65
juego3	easy	0.0	0.008	1027	400	233	237	4	4	42.54	42.54	42.54
juego3	easy	0.0	0.008	1035	400	233	236	3	4	42.64	42.64	42.64
juego3	easy	0.0	0.008	1043	400	233	236	3	4	42.73	42.73	42.73
juego3	easy	0.0	0.008	1052	400	233	236	3	4	42.98	42.98	42.98
juego3	easy	0.0	0.008	1060	400	233	235	2	4	43.33	43.33	43.33
juego3	easy	0.0	0.008	1070	400	233	234	1	4	43.8	43.8	43.8
juego3	easy	0.0	0.008	1078	400	233	233	0	4	44.09	44.09	44.09
juego3	easy	0.0	0.008	1087	400	233	231	-2	4	44.62	44.62	44.62
juego3	easy	0.0	0.008	1096	400	233	230	-3	4	45.05	45.05	45.05
juego3	easy	0.0	0.008	1106	400	233	230	-3	4	45.35	45.35	45.35
juego3	easy	0.0	0.008	1113	400	233	229	-4	4	45.4	45.4	45.4
juego3	easy	0.0	0.008	1121	400	233	229	-4	4	45.41	45.41	45.41
juego3	easy	0.0	0.008	1130	400	233	230	-3	4	45.31	45.31	45.31
juego3	easy	0.0	0.008	1138	400	233	230	-3	4	45.22	45.22	45.22
juego3	easy	0.0	0.008	1147	400	233	231	-2	4	44.99	44.99	44.99
juego3	easy	0.0	0.008	1155	400	233	231	-2	4	44.71	44.71	44.71
juego3	easy	0.0	0.008	1163	400	233	232	-1	4	44.57	44.57	44.57
juego3	easy	0.0	0.008	1172	400	233	232	-1	4	44.29	44.29	44.29
juego3	easy	0.0	0.008	1182	400	233	233	0	4	44.07	44.07	44.07
juego3	easy	0.0	0.008	1190	400	233	233	0	4	43.84	43.84	43.84
juego3	easy	0.0	0.008	1198	400	233	234	1	4	43.77	43.77	43.77
juego3	easy	0.0	0.008	1208	400	233	234	1	4	43.7	43.7	43.7
juego3	easy	0.0	0.008	1216	400	233	234	1	4	43.75	43.75	43.75
juego3	easy	0.0	0.008	1225	400	233	233	0	4	43.9	43.9	43.9
juego3	easy	0.0	0.008	1235	400	233	233	0	4	44.13	44.13	44.13
juego3	easy	0.0	0.008	1244	400	233	232	-1	4	44.28	44.28	44.28
juego3	easy	0.0	0.008	1252	400	233	232	-1	4	44.58	44.58	44.58
juego3	easy	0.0	0.008	1261	400	233	231	-2	4	44.84	44.84	44.84
juego3	easy	0.0	0.008	1270	400	233	230	-3	4	45.04	45.04	45.04
juego3	easy	0.0	0.008	1277	400	233	230	-3	4	45.12	45.12	45.12
juego3	easy	0.0	0.008	1286	400	233	230	-3	4	45.29	45.29	45.29
juego3	easy	0.0	0.008	1295	400	233	229	-4	4	45.4	45.4	45.4
juego3	easy	0.0	0.008	1305	400	233	229	-4	4	45.41	45.41	45.41
juego3	easy	0.0	0.008	1312	400	233	230	-3	4	45.39	45.39	45.39
juego3	easy	0.0	0.008	1321	400	233	230	-3	4	45.31	45.31	45.31
juego3	easy	0.0	0.008	1330	400	233	230	-3	4	45.21	45.21	45.21
juego3	easy	0.0	0.008	1339	400	233	230	-3	4	45.16	45.16	45.16
juego3	easy	0.0	0.008	1349	400	233	230	-3	4	45.01	45.01	45.01
juego3	easy	0.0	0.008	1358	400	233	231	-2	4	44.87	44.87	44.87
juego3	easy	0.0	0.008	1367	400	233	231	-2	4	44.83	44.83	44.83
juego3	easy	0.0	0.008	1375	400	233	231	-2	4	44.82	44.82	44.82
juego3	easy	0.0	0.008	1384	400	233	231	-2	4	44.83	44.83	44.83
juego3	easy	0.0	0.008	1392	400	233	231	-2	4	44.88	44.88	44.88
juego3	easy	0.0	0.008	1402	400	233	231	-2	4	44.97	44.97	44.97
juego3	easy	0.0	0.008	1411	400	233	230	-3	4	45.1	45.1	45.1
juego3	easy	0.0	0.008	1419	400	233	230	-3	4	45.15	45.15	45.15
juego3	easy	0.0	0.008	1429	400	233	230	-3	4	45.26	45.26	45.26
juego3	easy	0.0	0.008	1437	400	233	230	-3	4	45.36	45.36	45.36
juego3	easy	0.0	0.008	1445	400	233	229	-4	4	45.45	45.45	45.45
juego3	easy	0.0	0.008	1454	400	233	229	-4	4	45.48	45.48	45.48
juego3	easy	0.0	0.008	1463	400	233	229	-4	4	45.52	45.52	45.52
juego3	easy	0.0	0.008	1472	400	233	229	-4	4	45.52	45.52	45.52
juego3	easy	0.0	0.008	1480	400	233	229	-4	4	45.52	45.52	45.52
juego3	easy	0.0	0.008	1489	400	233	229	-4	4	45.49	45.49	45.49
juego3	easy	0.0	0.008	1498	400	233	229	-4	4	45.45	45.45	45.45
juego3	easy	0.0	0.008	1507	400	233	229	-4	4	45.41	45.41	45.41
juego3	easy	0.0	0.008	1515	400	233	230	-3	4	45.34	45.34	45.34
juego3	easy	0.0	0.008	1523	400	233	230	-3	4	45.3	45.3	45.3
juego3	easy	0.0	0.008	1533	400	233	230	-3	4	45.25	45.25	45.25
juego3	easy	0.0	0.008	1541	400	233	230	-3	4	45.22	45.22	45.22
juego3	easy	0.0	0.008	1549	400	233	230	-3	4	45.21	45.21	45.21
juego3	easy	0.0	0.008	1558	400	233	230	-3	4	45.21	45.21	45.21
juego3	easy	0.0	0.008	1567	400	233	230	-3	4	45.24	45.24	45.24
juego3	easy	0.0	0.008	1576	400	233	230	-3	4	45.29	45.29	45.29
juego3	easy	0.0	0.008	1585	400	233	230	-3	4	45.31	45.31	45.31
juego3	easy	0.0	0.008	1594	400	233	230	-3	4	45.36	45.36	45.36
juego3	easy	0.0	0.008	1604	400	233	229	-4	4	45.41	45.41	45.41
juego3	easy	0.0	0.008	1612	400	233	229	-4	4	45.45	45.45	45.45
juego3	easy	0.0	0.008	1621	400	233	229	-4	4	45.47	45.47	45.47
juego3	easy	0.0	0.008	1629	400	233	229	-4	4	45.48	45.48	45.48
juego3	easy	0.0	0.008	1638	400	233	229	-4	4	45.48	45.48	45.48
juego3	easy	0.0	0.008	1646	400	233	229	-4	4	45.47	45.47	45.47
juego3	easy	0.0	0.008	1655	400	233	229	-4	4	45.45	45.45	45.45
juego3	easy	0.0	0.008	1664	400	233	229	-4	4	45.44	45.44	45.44
juego3	easy	0.0	0.008	1672	400	233	229	-4	4	45.4	45.4	45.4
juego3	easy	0.0	0.008	1681	400	233	230	-3	4	45.35	45.35	45.35
juego3	easy	0.0	0.008	1688	400	233	230	-3	4	45.32	45.32	45.32
juego3	easy	0.0	0.008	1697	400	233	230	-3	4	45.28	45.28	45.28
juego3	easy	0.0	0.008	1705	400	233	230	-3	4	45.26	45.26	45.26
juego3	easy	0.0	0.008	1714	400	233	230	-3	4	45.24	45.24	45.24
juego3	easy	0.0	0.008	1722	400	233	230	-3	4	45.25	45.25	45.25
juego3	easy	0.0	0.008	1730	400	233	230	-3	4	45.27	45.27	45.27
juego3	easy	0.0	0.008	1739	400	233	230	-3	4	45.29	45.29	45.29
juego3	easy	0.0	0.008	1748	400	233	230	-3	4	45.34	45.34	45.34
juego3	easy	0.0	0.008	1757	400	233	229	-4	4	45.41	45.41	45.41
juego3	easy	0.0	0.008	1767	400	233	229	-4	4	45.47	45.47	45.47
juego3	easy	0.0	0.008	1775	400	233	229	-4	4	45.5	45.5	45.5
juego3	easy	0.0	0.008	1783	400	233	229	-4	4	45.53	45.53	45.53
juego3	easy	0.0	0.008	1792	400	233	229	-4	4	45.56	45.56	45.56
juego3	easy	0.0	0.008	1801	400	233	229	-4	4	45.57	45.57	45.57
juego3	easy	0.0	0.008	1810	400	233	229	-4	4	45.58	45.58	45.58
juego3	easy	0.0	0.008	1818	400	233	229	-4	4	45.57	45.57	45.57
juego3	easy	0.0	0.008	1827	400	233	229	-4	4	45.58	45.58	45.58
juego3	easy	0.0	0.008	1836	400	233	229	-4	4	45.57	45.57	45.57
juego3	easy	0.0	0.008	1844	400	233	229	-4	4	45.57	45.57	45.57
juego3	easy	0.0	0.008	1853	400	233	229	-4	4	45.59	45.59	45.59
juego3	easy	0.0	0.008	1862	400	233	229	-4	4	45.62	45.62	45.62
juego3	easy	0.0	0.008	1871	400	233	229	-4	4	45.68	45.68	45.68
juego3	easy	0.0	0.008	1879	400	233	229	-4	4	45.71	45.71	45.71
juego3	easy	0.0	0.008	1888	400	233	228	-5	4	45.79	45.79	45.79
juego3	easy	0.0	0.008	1896	400	233	228	-5	4	45.87	45.87	45.87
juego3	easy	0.0	0.008	1904	400	233	228	-5	4	45.91	45.91	45.91
juego3	easy	0.0	0.008	1914	400	233	228	-5	4	45.98	45.98	45.98
juego3	easy	0.0	0.008	1922	400	233	228	-5	4	46.01	46.01	46.01
juego3	easy	0.0	0.008	1931	400	233	228	-5	4	46.03	46.03	46.03
juego3	easy	0.0	0.008	1939	400	233	228	-5	4	46.04	46.04	46.04
juego3	easy	0.0	0.008	1948	400	233	228	-5	4	46.03	46.03	46.03
juego3	easy	0.0	0.008	1956	400	233	228	-5	4	46.01	46.01	46.01
juego3	easy	0.0	0.008	1964	400	233	228	-5	4	46.0	46.0	46.0
juego3	easy	0.0	0.008	1972	400	233	228	-5	4	45.98	45.98	45.98
juego3	easy	0.0	0.008	1981	400	233	228	-5	4	45.97	45.97	45.97
juego3	easy	0.0	0.008	1989	400	233	228	-5	4	45.98	45.98	45.98
juego3	easy	0.0	0.008	1998	400	233	228	-5	4	45.99	45.99	45.99
juego3	easy	0.0	0.008	0	400	233	228	-5	5	46.02	46.02	46.02
juego3	easy	-80.0	0.008	7	400	406	228	-178	5	46.03	46.03	46.03
juego3	easy	-80.0	0.008	16	400	406	228	-178	5	46.05	46.05	46.05
juego3	easy	-80.0	0.008	25	400	406	228	-178	5	46.08	46.08	46.08
juego3	easy	-80.0	0.008	34	400	406	228	-178	5	46.09	46.09	46.09
juego3	easy	-80.0	0.008	42	400	406	228	-178	5	46.09	46.09	46.09
juego3	easy	-80.0	0.008	51	400	406	228	-178	5	46.09	46.09	46.09
juego3	easy	-80.0	0.008	60	400	406	228	-178	5	46.09	46.09	46.09
juego3	easy	-80.0	0.008	70	400	406	228	-178	5	46.07	46.07	46.07
juego3	easy	-80.0	0.008	77	400	406	228	-178	5	46.06	46.06	46.06
juego3	easy	-80.0	0.008	86	400	406	228	-178	5	46.07	46.07	46.07
juego3	easy	-80.0	0.008	96	400	406	228	-178	5	46.08	46.08	46.08
juego3	easy	-80.0	0.008	104	400	406	228	-178	5	46.09	46.09	46.09
juego3	easy	-80.0	0.008	113	400	406	228	-178	5	46.11	46.11	46.11
juego3	easy	-80.0	0.008	122	400	406	228	-178	5	46.13	46.13	46.13
juego3	easy	-80.0	0.008	130	400	406	228	-178	5	46.16	46.16	46.16
juego3	easy	-80.0	0.008	139	400	406	228	-178	5	46.18	46.18	46.18
juego3	easy	-80.0	0.008	147	400	406	227	-179	5	46.22	46.22	46.22
juego3	easy	-80.0	0.008	156	400	406	227	-179	5	46.27	46.27	46.27
juego3	easy	-80.0	0.008	165	400	406	227	-179	5	46.31	46.31	46.31
juego3	easy	-80.0	0.008	173	400	406	227	-179	5	46.33	46.33	46.33
juego3	easy	-80.0	0.008	182	400	406	227	-179	5	46.34	46.34	46.34
juego3	easy	-80.0	0.008	190	400	406	227	-179	5	46.35	46.35	46.35
juego3	easy	-80.0	0.008	199	400	406	227	-179	5	46.36	46.36	46.36
juego3	easy	-80.0	0.008	208	400	406	227	-179	5	46.37	46.37	46.37
juego3	easy	-80.0	0.008	216	400	406	227	-179	5	46.43	46.43	46.43
juego3	easy	-80.0	0.008	224	400	406	227	-179	5	46.46	46.46	46.46
juego3	easy	-80.0	0.008	234	400	406	226	-180	5	46.59	46.59	46.59
juego3	easy	-80.0	0.008	242	400	406	226	-180	5	46.8	46.8	46.8
juego3	easy	-80.0	0.008	251	400	406	225	-181	5	47.14	47.14	47.14
juego3	easy	-80.0	0.008	259	400	406	224	-182	5	47.38	47.38	47.38
juego3	easy	-80.0	0.008	267	400	406	223	-183	5	47.87	47.87	47.87
juego3	easy	-80.0	0.008	276	400	406	221	-185	5	48.58	48.58	48.58
juego3	easy	-80.0	0.008	285	400	406	217	-189	5	50.5	50.5	50.5
juego3	easy	-80.0	0.008	294	400	406	215	-191	5	51.18	51.18	51.18
juego3	easy	-80.0	0.008	303	400	406	211	-195	5	52.61	52.61	52.61
juego3	easy	-80.0	0.008	311	400	406	207	-199	5	54.35	54.35	54.35
juego3	easy	-80.0	0.008	320	400	406	202	-204	5	56.3	56.3	56.3
juego3	easy	-80.0	0.008	329	400	406	200	-206	5	57.28	57.28	57.28
juego3	easy	-80.0	0.008	338	400	406	193	-213	5	59.7	59.7	59.7
juego3	easy	-80.0	0.008	348	400	406	186	-220	5	62.55	62.55	62.55
juego3	easy	-80.0	0.008	357	400	406	183	-223	5	63.91	63.91	63.91
juego3	easy	-80.0	0.008	365	400	406	177	-229	5	66.29	66.29	66.29
juego3	easy	-80.0	0.008	374	400	406	171	-235	5	68.55	68.55	68.55
juego3	easy	-80.0	0.008	382	400	406	166	-240	5	70.55	70.55	70.55
juego3	easy	-80.0	0.008	391	400	406	162	-244	5	72.11	72.11	72.11
juego3	easy	-80.0	0.008	400	400	406	160	-246	5	72.77	72.77	72.77
juego3	easy	-80.0	0.008	410	400	406	158	-248	5	73.84	73.84	73.84
juego3	easy	-80.0	0.008	419	400	406	156	-250	5	74.68	74.68	74.68
juego3	easy	-80.0	0.008	427	400	406	154	-252	5	75.25	75.25	75.25
juego3	easy	-80.0	0.008	437	400	406	153	-253	5	75.59	75.59	75.59
juego3	easy	-80.0	0.008	445	400	406	153	-253	5	75.79	75.79	75.79
juego3	easy	-80.0	0.008	454	400	406	153	-253	5	75.85	75.85	75.85
juego3	easy	-80.0	0.008	462	400	406	153	-253	5	75.93	75.93	75.93
juego3	easy	-80.0	0.008	471	400	406	152	-254	5	75.96	75.96	75.96
juego3	easy	-80.0	0.008	481	400	406	152	-254	5	75.96	75.96	75.96
juego3	easy	-80.0	0.008	489	400	406	153	-253	5	75.93	75.93	75.93
juego3	easy	-80.0	0.008	498	400	406	153	-253	5	75.82	75.82	75.82
juego3	easy	-80.0	0.008	508	400	406	153	-253	5	75.64	75.64	75.64
juego3	easy	-80.0	0.008	516	400	406	154	-252	5	75.46	75.46	75.46
juego3	easy	-80.0	0.008	525	400	406	154	-252	5	75.3	75.3	75.3
juego3	easy	-80.0	0.008	533	400	406	155	-251	5	74.94	74.94	74.94
juego3	easy	-80.0	0.008	542	400	406	156	-250	5	74.71	74.71	74.71
juego3	easy	-80.0	0.008	551	400	406	156	-250	5	74.48	74.48	74.48
juego3	easy	-80.0	0.008	559	400	406	156	-250	5	74.38	74.38	74.38
juego3	easy	-80.0	0.008	567	400	406	157	-249	5	74.3	74.3	74.3
juego3	easy	-80.0	0.008	576	400	406	156	-250	5	74.36	74.36	74.36
juego3	easy	-80.0	0.008	585	400	406	156	-250	5	74.43	74.43	74.43
juego3	easy	-80.0	0.008	595	400	406	156	-250	5	74.65	74.65	74.65
juego3	easy	-80.0	0.008	604	400	406	155	-251	5	74.95	74.95	74.95
juego3	easy	-80.0	0.008	612	400	406	154	-252	5	75.27	75.27	75.27
juego3	easy	-80.0	0.008	621	400	406	153	-253	5	75.6	75.6	75.6
juego3	easy	-80.0	0.008	630	400	406	153	-253	5	75.75	75.75	75.75
juego3	easy	-80.0	0.008	638	400	406	152	-254	5	75.99	75.99	75.99
juego3	easy	-80.0	0.008	647	400	406	152	-254	5	76.17	76.17	76.17
juego3	easy	-80.0	0.008	657	400	406	152	-254	5	76.26	76.26	76.26
juego3	easy	-80.0	0.008	665	400	406	152	-254	5	76.27	76.27	76.27
juego3	easy	-80.0	0.008	674	400	406	152	-254	5	76.21	76.21	76.21
juego3	easy	-80.0	0.008	682	400	406	152	-254	5	76.11	76.11	76.11
juego3	easy	-80.0	0.008	690	400	406	152	-254	5	76.04	76.04	76.04
juego3	easy	-80.0	0.008	698	400	406	153	-253	5	75.85	75.85	75.85
juego3	easy	-80.0	0.008	707	400	406	153	-253	5	75.67	75.67	75.67
juego3	easy	-80.0	0.008	715	400	406	153	-253	5	75.54	75.54	75.54
juego3	easy	-80.0	0.008	723	400	406	154	-252	5	75.31	75.31	75.31
juego3	easy	-80.0	0.008	732	400	406	154	-252	5	75.15	75.15	75.15
juego3	easy	-80.0	0.008	741	400	406	155	-251	5	75.08	75.08	75.08
juego3	easy	-80.0	0.008	750	400	406	155	-251	5	75.09	75.09	75.09
juego3	easy	-80.0	0.008	758	400	406	155	-251	5	75.14	75.14	75.14
juego3	easy	-80.0	0.008	767	400	406	154	-252	5	75.23	75.23	75.23
juego3	easy	-80.0	0.008	776	400	406	154	-252	5	75.35	75.35	75.35
juego3	easy	-80.0	0.008	785	400	406	154	-252	5	75.42	75.42	75.42
juego3	easy	-80.0	0.008	794	400	406	153	-253	5	75.56	75.56	75.56
juego3	easy	-80.0	0.008	803	400	406	153	-253	5	75.69	75.69	75.69
juego3	easy	-80.0	0.008	811	400	406	153	-253	5	75.82	75.82	75.82
juego3	easy	-80.0	0.008	821	400	406	153	-253	5	75.89	75.89	75.89
juego3	easy	-80.0	0.008	829	400	406	152	-254	5	75.97	75.97	75.97
juego3	easy	-80.0	0.008	838	400	406	152	-254	5	75.98	75.98	75.98
juego3	easy	-80.0	0.008	847	400	406	153	-253	5	75.93	75.93	75.93
juego3	easy	-80.0	0.008	856	400	406	153	-253	5	75.89	75.89	75.89
juego3	easy	-80.0	0.008	864	400	406	153	-253	5	75.78	75.78	75.78
juego3	easy	-80.0	0.008	873	400	406	153	-253	5	75.61	75.61	75.61
juego3	easy	-80.0	0.008	882	400	406	154	-252	5	75.43	75.43	75.43
juego3	easy	-80.0	0.008	892	400	406	154	-252	5	75.22	75.22	75.22
juego3	easy	-80.0	0.008	900	400	406	155	-251	5	75.11	75.11	75.11
juego3	easy	-80.0	0.008	909	400	406	155	-251	5	74.88	74.88	74.88
juego3	easy	-80.0	0.008	917	400	406	156	-250	5	74.63	74.63	74.63
juego3	easy	-80.0	0.008	926	400	406	156	-250	5	74.5	74.5	74.5
juego3	easy	-80.0	0.008	935	400	406	157	-249	5	74.22	74.22	74.22
juego3	easy	-80.0	0.008	944	400	406	158	-248	5	73.91	73.91	73.91
juego3	easy	-80.0	0.008	953	400	406	159	-247	5	73.54	73.54	73.54
juego3	easy	-80.0	0.008	962	400	406	160	-246	5	73.08	73.08	73.08
juego3	easy	-80.0	0.008	971	400	406	160	-246	5	72.79	72.79	72.79
juego3	easy	-80.0	0.008	979	400	406	162	-244	5	72.12	72.12	72.12
juego3	easy	-80.0	0.008	987	400	406	165	-241	5	71.03	71.03	71.03
juego3	easy	-80.0	0.008	996	400	406	167	-239	5	70.26	70.26	70.26
juego3	easy	-80.0	0.008	1005	400	406	171	-235	5	68.57	68.57	68.57
juego3	easy	-80.0	0.008	1014	400	406	175	-231	5	67.13	67.13	67.13
juego3	easy	-80.0	0.008	1022	400	406	181	-225	5	64.59	64.59	64.59
juego3	easy	-80.0	0.008	1031	400	406	185	-221	5	63.19	63.19	63.19
juego3	easy	-80.0	0.008	1040	400	406	191	-215	5	60.76	60.76	60.76
juego3	easy	-80.0	0.008	1049	400	406	197	-209	5	58.48	58.48	58.48
juego3	easy	-80.0	0.008	1057	400	406	201	-205	5	56.8	56.8	56.8
juego3	easy	-80.0	0.008	1066	400	406	205	-201	5	55.07	55.07	55.07
juego3	easy	-80.0	0.008	1076	400	406	217	-189	5	50.54	50.54	50.54
juego3	easy	-80.0	0.008	1084	400	406	225	-181	5	47.28	47.28	47.28
juego3	easy	-80.0	0.008	1093	400	406	232	-174	5	44.29	44.29	44.29
juego3	easy	-80.0	0.008	1101	400	406	235	-171	5	43.06	43.06	43.06
juego3	easy	-80.0	0.008	1110	400	406	241	-165	5	40.92	40.92	40.92
juego3	easy	-80.0	0.008	1119	400	406	246	-160	5	38.9	38.9	38.9
juego3	easy	-80.0	0.008	1128	400	406	249	-157	5	37.48	37.48	37.48
juego3	easy	-80.0	0.008	1137	400	406	252	-154	5	36.65	36.65	36.65
juego3	easy	-80.0	0.008	1146	400	406	252	-154	5	36.39	36.39	36.39
juego3	easy	-80.0	0.008	1154	400	406	253	-153	5	36.19	36.19	36.19
juego3	easy	-80.0	0.008	1163	400	406	252	-154	5	36.43	36.43	36.43
juego3	easy	-80.0	0.008	1172	400	406	250	-156	5	37.08	37.08	37.08
juego3	easy	-80.0	0.008	1181	400	406	249	-157	5	37.51	37.51	37.51
juego3	easy	-80.0	0.008	1190	400	406	247	-159	5	38.58	38.58	38.58
juego3	easy	-80.0	0.008	1200	400	406	244	-162	5	39.59	39.59	39.59
juego3	easy	-80.0	0.008	1208	400	406	242	-164	5	40.41	40.41	40.41
juego3	easy	-80.0	0.008	1218	400	406	240	-166	5	41.15	41.15	41.15
juego3	easy	-80.0	0.008	1226	400	406	239	-167	5	41.48	41.48	41.48
juego3	easy	-80.0	0.008	1234	400	406	238	-168	5	41.95	41.95	41.95
juego3	easy	-80.0	0.008	1244	400	406	237	-169	5	42.27	42.27	42.27
juego3	easy	-80.0	0.008	1252	400	406	237	-169	5	42.35	42.35	42.35
juego3	easy	-80.0	0.008	1260	400	406	237	-169	5	42.25	42.25	42.25
juego3	easy	-80.0	0.008	1269	400	406	238	-168	5	41.88	41.88	41.88
juego3	easy	-80.0	0.008	1278	400	406	240	-166	5	41.3	41.3	41.3
juego3	easy	-80.0	0.008	1288	400	406	241	-165	5	40.75	40.75	40.75
juego3	easy	-80.0	0.008	1296	400	406	242	-164	5	40.47	40.47	40.47
juego3	easy	-80.0	0.008	1305	400	406	243	-163	5	39.9	39.9	39.9
juego3	easy	-80.0	0.008	1314	400	406	245	-161	5	39.4	39.4	39.4
juego3	easy	-80.0	0.008	1323	400	406	246	-160	5	38.96	38.96	38.96
juego3	easy	-80.0	0.008	1332	400	406	246	-160	5	38.77	38.77	38.77
juego3	easy	-80.0	0.008	1341	400	406	247	-159	5	38.57	38.57	38.57
juego3	easy	-80.0	0.008	1350	400	406	247	-159	5	38.6	38.6	38.6
juego3	easy	-80.0	0.008	1359	400	406	246	-160	5	38.77	38.77	38.77
juego3	easy	-80.0	0.008	1368	400	406	246	-160	5	38.96	38.96	38.96
juego3	easy	-80.0	0.008	1376	400	406	245	-161	5	39.05	39.05	39.05
juego3	easy	-80.0	0.008	1386	400	406	245	-161	5	39.12	39.12	39.12
juego3	easy	-80.0	0.008	1394	400	406	246	-160	5	39.02	39.02	39.02
juego3	easy	-80.0	0.008	1403	400	406	247	-159	5	38.59	38.59	38.59
juego3	easy	-80.0	0.008	1411	400	406	248	-158	5	38.2	38.2	38.2
juego3	easy	-80.0	0.008	1420	400	406	250	-156	5	37.06	37.06	37.06
juego3	easy	-80.0	0.008	1429	400	406	255	-151	5	35.45	35.45	35.45
juego3	easy	-80.0	0.008	1439	400	406	260	-146	5	33.43	33.43	33.43
juego3	easy	-80.0	0.008	1447	400	406	262	-144	5	32.3	32.3	32.3
juego3	easy	-80.0	0.008	1457	400	406	267	-139	5	30.6	30.6	30.6
juego3	easy	-80.0	0.008	1464	400	406	271	-135	5	28.73	28.73	28.73
juego3	easy	-80.0	0.008	1473	400	406	277	-129	5	26.66	26.66	26.66
juego3	easy	-80.0	0.008	1482	400	406	279	-127	5	25.59	25.59	25.59
juego3	easy	-80.0	0.008	1491	400	406	284	-122	5	23.71	23.71	23.71
juego3	easy	-80.0	0.008	1500	400	406	288	-118	5	22.1	22.1	22.1
juego3	easy	-80.0	0.008	1510	400	406	295	-111	5	19.49	19.49	19.49
juego3	easy	-80.0	0.008	1517	400	406	298	-108	5	18.4	18.4	18.4
juego3	easy	-80.0	0.008	1526	400	406	303	-103	5	15.69	15.69	15.69
juego3	easy	-80.0	0.008	1533	400	406	310	-96	5	12.96	12.96	12.96
juego3	easy	-80.0	0.008	1542	400	406	313	-93	5	11.69	11.69	11.69
juego3	easy	-80.0	0.008	1550	400	406	320	-86	5	9.28	9.28	9.28
juego3	easy	-80.0	0.008	1559	400	406	322	-84	5	8.11	8.11	8.11
juego3	easy	-80.0	0.008	1568	400	406	328	-78	5	6.09	6.09	6.09
juego3	easy	-80.0	0.008	1576	400	406	331	-75	5	4.68	4.68	4.68
juego3	easy	-80.0	0.008	1585	400	406	336	-70	5	2.6	2.6	2.6
juego3	easy	-80.0	0.008	1593	400	406	340	-66	5	1.13	1.13	1.13
juego3	easy	-80.0	0.008	1602	400	406	342	-64	5	0.35	0.35	0.35
juego3	easy	-80.0	0.008	1610	400	406	346	-60	5	-1.03	-1.03	-1.03
juego3	easy	-80.0	0.008	1619	400	406	349	-57	5	-2.45	-2.45	-2.45
juego3	easy	-80.0	0.008	1627	400	406	349	-57	5	-2.45	-2.45	-2.45
juego3	easy	-80.0	0.008	1636	400	406	353	-53	5	-3.94	-3.94	-3.94
juego3	easy	-80.0	0.008	1645	400	406	358	-48	5	-6.01	-6.01	-6.01
juego3	easy	-80.0	0.008	1654	400	406	361	-45	5	-7.37	-7.37	-7.37
juego3	easy	-80.0	0.008	1663	400	406	366	-40	5	-9.0	-9.0	-9.0
juego3	easy	-80.0	0.008	1672	400	406	368	-38	5	-9.92	-9.92	-9.92
juego3	easy	-80.0	0.008	1682	400	406	372	-34	5	-11.61	-11.61	-11.61
juego3	easy	-80.0	0.008	1690	400	406	375	-31	5	-12.7	-12.7	-12.7
juego3	easy	-80.0	0.008	1699	400	406	378	-28	5	-13.85	-13.85	-13.85
juego3	easy	-80.0	0.008	1708	400	406	381	-25	5	-15.01	-15.01	-15.01
juego3	easy	-80.0	0.008	1717	400	406	384	-22	5	-16.32	-16.32	-16.32
juego3	easy	-80.0	0.008	1726	400	406	387	-19	5	-17.66	-17.66	-17.66
juego3	easy	-80.0	0.008	1735	400	406	391	-15	5	-19.06	-19.06	-19.06
juego3	easy	-80.0	0.008	1744	400	406	394	-12	5	-20.21	-20.21	-20.21
juego3	easy	-80.0	0.008	1753	400	406	396	-10	5	-20.93	-20.93	-20.93
juego3	easy	-80.0	0.008	1761	400	406	399	-7	5	-22.41	-22.41	-22.41
juego3	easy	-80.0	0.008	1770	400	406	404	-2	5	-24.18	-24.18	-24.18
juego3	easy	-80.0	0.008	1779	400	406	406	0	5	-25.21	-25.21	-25.21
juego3	easy	-80.0	0.008	1787	400	406	409	3	5	-26.2	-26.2	-26.2
juego3	easy	-80.0	0.008	1796	400	406	416	10	5	-29.12	-29.12	-29.12
juego3	easy	-80.0	0.008	1805	400	406	421	15	5	-31.04	-31.04	-31.04
juego3	easy	-80.0	0.008	1814	400	406	425	19	5	-32.52	-32.52	-32.52
juego3	easy	-80.0	0.008	1823	400	406	426	20	5	-33.05	-33.05	-33.05
juego3	easy	-80.0	0.008	1833	400	406	428	22	5	-33.85	-33.85	-33.85
juego3	easy	-80.0	0.008	1840	400	406	429	23	5	-34.2	-34.2	-34.2
juego3	easy	-80.0	0.008	1849	400	406	429	23	5	-34.19	-34.19	-34.19
juego3	easy	-80.0	0.008	1859	400	406	429	23	5	-33.95	-33.95	-33.95
juego3	easy	-80.0	0.008	1867	400	406	428	22	5	-33.82	-33.82	-33.82
juego3	easy	-80.0	0.008	1875	400	406	428	22	5	-33.59	-33.59	-33.59
juego3	easy	-80.0	0.008	1884	400	406	427	21	5	-33.53	-33.53	-33.53
juego3	easy	-80.0	0.008	1893	400	406	427	21	5	-33.55	-33.55	-33.55
juego3	easy	-80.0	0.008	1901	400	406	428	22	5	-33.68	-33.68	-33.68
juego3	easy	-80.0	0.008	1909	400	406	429	23	5	-34.0	-34.0	-34.0
juego3	easy	-80.0	0.008	1918	400	406	429	23	5	-34.23	-34.23	-34.23
juego3	easy	-80.0	0.008	1928	400	406	431	25	5	-34.78	-34.78	-34.78
juego3	easy	-80.0	0.008	1936	400	406	432	26	5	-35.37	-35.37	-35.37
juego3	easy	-80.0	0.008	1944	400	406	434	28	5	-35.96	-35.96	-35.96
juego3	easy	-80.0	0.008	1953	400	406	434	28	5	-36.23	-36.23	-36.23
juego3	easy	-80.0	0.008	1963	400	406	435	29	5	-36.69	-36.69	-36.69
juego3	easy	-80.0	0.008	1972	400	406	436	30	5	-37.08	-37.08	-37.08
juego3	easy	-80.0	0.008	1980	400	406	437	31	5	-37.39	-37.39	-37.39
juego3	easy	-80.0	0.008	1990	400	406	438	32	5	-37.65	-37.65	-37.65
juego3	easy	-80.0	0.008	1997	400	406	438	32	5	-37.78	-37.78	-37.78
juego3	easy	-80.0	0.008	0	400	406	439	33	6	-38.03	-38.03	-38.03
juego3	easy	0.0	0.008	9	400	233	439	206	6	-38.26	-38.26	-38.26
juego3	easy	0.0	0.008	17	400	233	440	207	6	-38.39	-38.39	-38.39
juego3	easy	0.0	0.008	25	400	233	440	207	6	-38.64	-38.64	-38.64
juego3	easy	0.0	0.008	35	400	233	441	208	6	-38.85	-38.85	-38.85
juego3	easy	0.0	0.008	43	400	233	441	208	6	-39.01	-39.01	-39.01
juego3	easy	0.0	0.008	52	400	233	441	208	6	-39.06	-39.06	-39.06
juego3	easy	0.0	0.008	61	400	233	442	209	6	-39.17	-39.17	-39.17
juego3	easy	0.0	0.008	70	400	233	442	209	6	-39.24	-39.24	-39.24
juego3	easy	0.0	0.008	78	400	233	442	209	6	-39.35	-39.35	-39.35
juego3	easy	0.0	0.008	87	400	233	442	209	6	-39.43	-39.43	-39.43
juego3	easy	0.0	0.008	96	400	233	443	210	6	-39.63	-39.63	-39.63
juego3	easy	0.0	0.008	105	400	233	443	210	6	-39.84	-39.84	-39.84
juego3	easy	0.0	0.008	114	400	233	444	211	6	-40.11	-40.11	-40.11
juego3	easy	0.0	0.008	122	400	233	444	211	6	-40.25	-40.25	-40.25
juego3	easy	0.0	0.008	129	400	233	445	212	6	-40.52	-40.52	-40.52
juego3	easy	0.0	0.008	138	400	233	446	213	6	-40.81	-40.81	-40.81
juego3	easy	0.0	0.008	147	400	233	446	213	6	-40.94	-40.94	-40.94
juego3	easy	0.0	0.008	156	400	233	447	214	6	-41.1	-41.1	-41.1
juego3	easy	0.0	0.008	165	400	233	447	214	6	-41.18	-41.18	-41.18
juego3	easy	0.0	0.008	174	400	233	447	214	6	-41.17	-41.17	-41.17
juego3	easy	0.0	0.008	182	400	233	447	214	6	-41.15	-41.15	-41.15
juego3	easy	0.0	0.008	190	400	233	447	214	6	-41.1	-41.1	-41.1
juego3	easy	0.0	0.008	199	400	233	446	213	6	-41.05	-41.05	-41.05
juego3	easy	0.0	0.008	209	400	233	446	213	6	-41.0	-41.0	-41.0
juego3	easy	0.0	0.008	217	400	233	446	213	6	-40.99	-40.99	-40.99
juego3	easy	0.0	0.008	225	400	233	446	213	6	-41.02	-41.02	-41.02
juego3	easy	0.0	0.008	234	400	233	447	214	6	-41.11	-41.11	-41.11
juego3	easy	0.0	0.008	243	400	233	447	214	6	-41.27	-41.27	-41.27
juego3	easy	0.0	0.008	252	400	233	447	214	6	-41.37	-41.37	-41.37
juego3	easy	0.0	0.008	261	400	233	448	215	6	-41.55	-41.55	-41.55
juego3	easy	0.0	0.008	270	400	233	448	215	6	-41.72	-41.72	-41.72
juego3	easy	0.0	0.008	279	400	233	448	215	6	-41.86	-41.86	-41.86
juego3	easy	0.0	0.008	288	400	233	449	216	6	-41.9	-41.9	-41.9
juego3	easy	0.0	0.008	296	400	233	449	216	6	-41.92	-41.92	-41.92
juego3	easy	0.0	0.008	306	400	233	448	215	6	-41.86	-41.86	-41.86
juego3	easy	0.0	0.008	314	400	233	448	215	6	-41.76	-41.76	-41.76
juego3	easy	0.0	0.008	323	400	233	448	215	6	-41.68	-41.68	-41.68
juego3	easy	0.0	0.008	331	400	233	448	215	6	-41.5	-41.5	-41.5
juego3	easy	0.0	0.008	341	400	233	447	214	6	-41.3	-41.3	-41.3
juego3	easy	0.0	0.008	349	400	233	446	213	6	-41.07	-41.07	-41.07
juego3	easy	0.0	0.008	358	400	233	446	213	6	-40.96	-40.96	-40.96
juego3	easy	0.0	0.008	367	400	233	446	213	6	-40.77	-40.77	-40.77
juego3	easy	0.0	0.008	376	400	233	445	212	6	-40.6	-40.6	-40.6
juego3	easy	0.0	0.008	384	400	233	445	212	6	-40.5	-40.5	-40.5
juego3	easy	0.0	0.008	393	400	233	445	212	6	-40.46	-40.46	-40.46
juego3	easy	0.0	0.008	401	400	233	445	212	6	-40.41	-40.41	-40.41
juego3	easy	0.0	0.008	410	400	233	444	211	6	-40.29	-40.29	-40.29
juego3	easy	0.0	0.008	419	400	233	444	211	6	-40.08	-40.08	-40.08
juego3	easy	0.0	0.008	427	400	233	444	211	6	-39.93	-39.93	-39.93
juego3	easy	0.0	0.008	436	400	233	442	209	6	-39.48	-39.48	-39.48
juego3	easy	0.0	0.008	445	400	233	441	208	6	-38.79	-38.79	-38.79
juego3	easy	0.0	0.008	453	400	233	440	207	6	-38.35	-38.35	-38.35
juego3	easy	0.0	0.008	462	400	233	437	204	6	-37.26	-37.26	-37.26
juego3	easy	0.0	0.008	472	400	233	433	200	6	-35.89	-35.89	-35.89
juego3	easy	0.0	0.008	480	400	233	431	198	6	-35.02	-35.02	-35.02
juego3	easy	0.0	0.008	488	400	233	426	193	6	-32.81	-32.81	-32.81
juego3	easy	0.0	0.008	497	400	233	419	186	6	-30.25	-30.25	-30.25
juego3	easy	0.0	0.008	506	400	233	412	179	6	-27.47	-27.47	-27.47
juego3	easy	0.0	0.008	515	400	233	405	172	6	-24.47	-24.47	-24.47
juego3	easy	0.0	0.008	525	400	233	397	164	6	-21.28	-21.28	-21.28
juego3	easy	0.0	0.008	533	400	233	392	159	6	-19.61	-19.61	-19.61
juego3	easy	0.0	0.008	542	400	233	383	150	6	-15.96	-15.96	-15.96
juego3	easy	0.0	0.008	551	400	233	373	140	6	-12.06	-12.06	-12.06
juego3	easy	0.0	0.008	560	400	233	363	130	6	-8.05	-8.05	-8.05
juego3	easy	0.0	0.008	569	400	233	353	120	6	-4.1	-4.1	-4.1
juego3	easy	0.0	0.008	578	400	233	349	116	6	-2.25	-2.25	-2.25
juego3	easy	0.0	0.008	587	400	233	344	111	6	-0.38	-0.38	-0.38
juego3	easy	0.0	0.008	597	400	233	333	100	6	4.1	4.1	4.1
juego3	easy	0.0	0.008	606	400	233	326	93	6	6.63	6.63	6.63
juego3	easy	0.0	0.008	614	400	233	324	91	6	7.51	7.51	7.51
juego3	easy	0.0	0.008	622	400	233	321	88	6	8.54	8.54	8.54
juego3	easy	0.0	0.008	631	400	233	321	88	6	8.69	8.69	8.69
juego3	easy	0.0	0.008	640	400	233	321	88	6	8.55	8.55	8.55
juego3	easy	0.0	0.008	649	400	233	322	89	6	8.31	8.31	8.31
juego3	easy	0.0	0.008	658	400	233	325	92	6	7.14	7.14	7.14
juego3	easy	0.0	0.008	668	400	233	327	94	6	6.33	6.33	6.33
juego3	easy	0.0	0.008	676	400	233	328	95	6	5.73	5.73	5.73
juego3	easy	0.0	0.008	684	400	233	329	96	6	5.52	5.52	5.52
juego3	easy	0.0	0.008	693	400	233	329	96	6	5.36	5.36	5.36
juego3	easy	0.0	0.008	701	400	233	329	96	6	5.7	5.7	5.7
juego3	easy	0.0	0.008	710	400	233	326	93	6	6.56	6.56	6.56
juego3	easy	0.0	0.008	719	400	233	325	92	6	7.15	7.15	7.15
juego3	easy	0.0	0.008	728	400	233	321	88	6	8.66	8.66	8.66
juego3	easy	0.0	0.008	737	400	233	317	84	6	10.44	10.44	10.44
juego3	easy	0.0	0.008	745	400	233	312	79	6	12.38	12.38	12.38
juego3	easy	0.0	0.008	754	400	233	309	76	6	13.32	13.32	13.32
juego3	easy	0.0	0.008	762	400	233	305	72	6	15.08	15.08	15.08
juego3	easy	0.0	0.008	771	400	233	301	68	6	16.61	16.61	16.61
juego3	easy	0.0	0.008	780	400	233	299	66	6	17.75	17.75	17.75
juego3	easy	0.0	0.008	788	400	233	298	65	6	18.15	18.15	18.15
juego3	easy	0.0	0.008	796	400	233	297	64	6	18.42	18.42	18.42
juego3	easy	0.0	0.008	805	400	233	297	64	6	18.57	18.57	18.57
juego3	easy	0.0	0.008	814	400	233	297	64	6	18.45	18.45	18.45
juego3	easy	0.0	0.008	824	400	233	298	65	6	18.12	18.12	18.12
juego3	easy	0.0	0.008	832	400	233	299	66	6	17.63	17.63	17.63
juego3	easy	0.0	0.008	841	400	233	300	67	6	17.13	17.13	17.13
juego3	easy	0.0	0.008	850	400	233	300	67	6	16.9	16.9	16.9
juego3	easy	0.0	0.008	859	400	233	301	68	6	16.59	16.59	16.59
juego3	easy	0.0	0.008	868	400	233	301	68	6	16.54	16.54	16.54
juego3	easy	0.0	0.008	877	400	233	301	68	6	16.72	16.72	16.72
juego3	easy	0.0	0.008	885	400	233	300	67	6	17.18	17.18	17.18
juego3	easy	0.0	0.008	894	400	233	300	67	6	17.54	17.54	17.54
juego3	easy	0.0	0.008	903	400	233	297	64	6	18.47	18.47	18.47
juego3	easy	0.0	0.008	912	400	233	295	62	6	19.52	19.52	19.52
juego3	easy	0.0	0.008	921	400	233	292	59	6	20.64	20.64	20.64
juego3	easy	0.0	0.008	930	400	233	289	56	6	21.81	21.81	21.81
juego3	easy	0.0	0.008	939	400	233	288	55	6	22.38	22.38	22.38
juego3	easy	0.0	0.008	947	400	233	285	52	6	23.48	23.48	23.48
juego3	easy	0.0	0.008	955	400	233	283	50	6	23.99	23.99	23.99
juego3	easy	0.0	0.008	964	400	233	281	48	6	24.95	24.95	24.95
juego3	easy	0.0	0.008	972	400	233	279	46	6	25.69	25.69	25.69
juego3	easy	0.0	0.008	981	400	233	278	45	6	26.26	26.26	26.26
juego3	easy	0.0	0.008	989	400	233	277	44	6	26.48	26.48	26.48
juego3	easy	0.0	0.008	998	400	233	276	43	6	26.86	26.86	26.86
juego3	easy	0.0	0.008	1007	400	233	275	42	6	27.19	27.19	27.19
juego3	easy	0.0	0.008	1016	400	233	274	41	6	27.55	27.55	27.55
juego3	easy	0.0	0.008	1025	400	233	274	41	6	27.76	27.76	27.76
juego3	easy	0.0	0.008	1034	400	233	273	40	6	28.28	28.28	28.28
juego3	easy	0.0	0.008	1043	400	233	271	38	6	28.94	28.94	28.94
juego3	easy	0.0	0.008	1051	400	233	270	37	6	29.33	29.33	29.33
juego3	easy	0.0	0.008	1059	400	233	268	35	6	30.18	30.18	30.18
juego3	easy	0.0	0.008	1069	400	233	266	33	6	31.09	31.09	31.09
juego3	easy	0.0	0.008	1078	400	233	263	30	6	32.04	32.04	32.04
juego3	easy	0.0	0.008	1086	400	233	261	28	6	32.97	32.97	32.97
juego3	easy	0.0	0.008	1095	400	233	260	27	6	33.43	33.43	33.43
juego3	easy	0.0	0.008	1103	400	233	257	24	6	34.29	34.29	34.29
juego3	easy	0.0	0.008	1112	400	233	255	22	6	35.08	35.08	35.08
juego3	easy	0.0	0.008	1121	400	233	254	21	6	35.8	35.8	35.8
juego3	easy	0.0	0.008	1130	400	233	253	20	6	36.14	36.14	36.14
juego3	easy	0.0	0.008	1139	400	233	251	18	6	36.77	36.77	36.77
juego3	easy	0.0	0.008	1147	400	233	250	17	6	37.37	37.37	37.37
juego3	easy	0.0	0.008	1156	400	233	248	15	6	37.9	37.9	37.9
juego3	easy	0.0	0.008	1165	400	233	248	15	6	38.12	38.12	38.12
juego3	easy	0.0	0.008	1174	400	233	247	14	6	38.46	38.46	38.46
juego3	easy	0.0	0.008	1182	400	233	246	13	6	38.66	38.66	38.66
juego3	easy	0.0	0.008	1191	400	233	246	13	6	38.78	38.78	38.78
juego3	easy	0.0	0.008	1200	400	233	246	13	6	38.84	38.84	38.84
juego3	easy	0.0	0.008	1208	400	233	246	13	6	38.94	38.94	38.94
juego3	easy	0.0	0.008	1217	400	233	245	12	6	39.13	39.13	39.13
juego3	easy	0.0	0.008	1226	400	233	245	12	6	39.42	39.42	39.42
juego3	easy	0.0	0.008	1235	400	233	244	11	6	39.6	39.6	39.6
juego3	easy	0.0	0.008	1243	400	233	243	10	6	40.08	40.08	40.08
juego3	easy	0.0	0.008	1252	400	233	242	9	6	40.38	40.38	40.38
juego3	easy	0.0	0.008	1261	400	233	239	6	6	41.43	41.43	41.43
juego3	easy	0.0	0.008	1268	400	233	238	5	6	41.85	41.85	41.85
juego3	easy	0.0	0.008	1277	400	233	236	3	6	42.77	42.77	42.77
juego3	easy	0.0	0.008	1287	400	233	234	1	6	43.79	43.79	43.79
juego3	easy	0.0	0.008	1295	400	233	232	-1	6	44.34	44.34	44.34
juego3	easy	0.0	0.008	1304	400	233	229	-4	6	45.43	45.43	45.43
juego3	easy	0.0	0.008	1314	400	233	227	-6	6	46.51	46.51	46.51
juego3	easy	0.0	0.008	1322	400	233	224	-9	6	47.51	47.51	47.51
juego3	easy	0.0	0.008	1331	400	233	222	-11	6	48.4	48.4	48.4
juego3	easy	0.0	0.008	1340	400	233	221	-12	6	48.79	48.79	48.79
juego3	easy	0.0	0.008	1349	400	233	219	-14	6	49.44	49.44	49.44
juego3	easy	0.0	0.008	1357	400	233	218	-15	6	49.85	49.85	49.85
juego3	easy	0.0	0.008	1365	400	233	218	-15	6	49.98	49.98	49.98
juego3	easy	0.0	0.008	1375	400	233	218	-15	6	49.99	49.99	49.99
juego3	easy	0.0	0.008	1383	400	233	218	-15	6	49.81	49.81	49.81
juego3	easy	0.0	0.008	1392	400	233	219	-14	6	49.45	49.45	49.45
juego3	easy	0.0	0.008	1401	400	233	220	-13	6	49.1	49.1	49.1
juego3	easy	0.0	0.008	1410	400	233	222	-11	6	48.23	48.23	48.23
juego3	easy	0.0	0.008	1419	400	233	225	-8	6	47.09	47.09	47.09
juego3	easy	0.0	0.008	1428	400	233	229	-4	6	45.68	45.68	45.68
juego3	easy	0.0	0.008	1437	400	233	233	0	6	44.08	44.08	44.08
juego3	easy	0.0	0.008	1447	400	233	237	4	6	42.33	42.33	42.33
juego3	easy	0.0	0.008	1455	400	233	239	6	6	41.43	41.43	41.43
juego3	easy	0.0	0.008	1463	400	233	244	11	6	39.71	39.71	39.71
juego3	easy	0.0	0.008	1472	400	233	248	15	6	38.0	38.0	38.0
juego3	easy	0.0	0.008	1481	400	233	248	15	6	38.0	38.0	38.0
juego3	easy	0.0	0.008	1489	400	233	251	18	6	36.68	36.68	36.68
juego3	easy	0.0	0.008	1498	400	233	257	24	6	34.59	34.59	34.59
juego3	easy	0.0	0.008	1505	400	233	258	25	6	34.16	34.16	34.16
juego3	easy	0.0	0.008	1514	400	233	259	26	6	33.56	33.56	33.56
juego3	easy	0.0	0.008	1522	400	233	260	27	6	33.39	33.39	33.39
juego3	easy	0.0	0.008	1532	400	233	259	26	6	33.57	33.57	33.57
juego3	easy	0.0	0.008	1539	400	233	259	26	6	33.8	33.8	33.8
juego3	easy	0.0	0.008	1548	400	233	257	24	6	34.46	34.46	34.46
juego3	easy	0.0	0.008	1557	400	233	255	22	6	35.35	35.35	35.35
juego3	easy	0.0	0.008	1566	400	233	253	20	6	35.89	35.89	35.89
juego3	easy	0.0	0.008	1574	400	233	250	17	6	37.06	37.06	37.06
juego3	easy	0.0	0.008	1583	400	233	247	14	6	38.38	38.38	38.38
juego3	easy	0.0	0.008	1592	400	233	244	11	6	39.52	39.52	39.52
juego3	easy	0.0	0.008	1600	400	233	243	10	6	39.92	39.92	39.92
juego3	easy	0.0	0.008	1609	400	233	242	9	6	40.57	40.57	40.57
juego3	easy	0.0	0.008	1618	400	233	241	8	6	40.78	40.78	40.78
juego3	easy	0.0	0.008	1627	400	233	240	7	6	41.07	41.07	41.07
juego3	easy	0.0	0.008	1637	400	233	241	8	6	40.93	40.93	40.93
juego3	easy	0.0	0.008	1646	400	233	241	8	6	40.75	40.75	40.75
juego3	easy	0.0	0.008	1654	400	233	243	10	6	40.14	40.14	40.14
juego3	easy	0.0	0.008	1663	400	233	245	12	6	39.27	39.27	39.27
juego3	easy	0.0	0.008	1672	400	233	248	15	6	38.23	38.23	38.23
juego3	easy	0.0	0.008	1681	400	233	249	16	6	37.69	37.69	37.69
juego3	easy	0.0	0.008	1689	400	233	252	19	6	36.59	36.59	36.59
juego3	easy	0.0	0.008	1698	400	233	254	21	6	35.57	35.57	35.57
juego3	easy	0.0	0.008	1707	400	233	256	23	6	34.69	34.69	34.69
juego3	easy	0.0	0.008	1715	400	233	257	24	6	34.3	34.3	34.3
juego3	easy	0.0	0.008	1724	400	233	259	26	6	33.64	33.64	33.64
juego3	easy	0.0	0.008	1733	400	233	260	27	6	33.19	33.19	33.19
juego3	easy	0.0	0.008	1741	400	233	261	28	6	33.04	33.04	33.04
juego3	easy	0.0	0.008	1749	400	233	261	28	6	32.93	32.93	32.93
juego3	easy	0.0	0.008	1758	400	233	261	28	6	33.08	33.08	33.08
juego3	easy	0.0	0.008	1767	400	233	260	27	6	33.4	33.4	33.4
juego3	easy	0.0	0.008	1775	400	233	259	26	6	33.62	33.62	33.62
juego3	easy	0.0	0.008	1783	400	233	258	25	6	34.18	34.18	34.18
juego3	easy	0.0	0.008	1792	400	233	256	23	6	34.83	34.83	34.83
juego3	easy	0.0	0.008	1801	400	233	255	22	6	35.15	35.15	35.15
juego3	easy	0.0	0.008	1810	400	233	254	21	6	35.84	35.84	35.84
juego3	easy	0.0	0.008	1819	400	233	252	19	6	36.48	36.48	36.48
juego3	easy	0.0	0.008	1828	400	233	251	18	6	37.03	37.03	37.03
juego3	easy	0.0	0.008	1837	400	233	250	17	6	37.26	37.26	37.26
juego3	easy	0.0	0.008	1846	400	233	249	16	6	37.6	37.6	37.6
juego3	easy	0.0	0.008	1855	400	233	249	16	6	37.74	37.74	37.74
juego3	easy	0.0	0.008	1864	400	233	249	16	6	37.73	37.73	37.73
juego3	easy	0.0	0.008	1873	400	233	249	16	6	37.58	37.58	37.58
juego3	easy	0.0	0.008	1883	400	233	250	17	6	37.31	37.31	37.31
juego3	easy	0.0	0.008	1891	400	233	250	17	6	37.11	37.11	37.11
juego3	easy	0.0	0.008	1900	400	233	252	19	6	36.63	36.63	36.63
juego3	easy	0.0	0.008	1909	400	233	253	20	6	36.09	36.09	36.09
juego3	easy	0.0	0.008	1918	400	233	254	21	6	35.49	35.49	35.49
juego3	easy	0.0	0.008	1929	400	233	255	22	6	35.2	35.2	35.2
