game	difficulty	amplitude	velocity	time	xpos	y_computer	y_human	y_error	trial	x	y	z
juego3	easy	0.0	0.008	5	400	254	336	82	0	81.79	81.79	81.79
juego3	easy	0.0	0.008	8	400	254	336	82	0	81.77	81.77	81.77
juego3	easy	0.0	0.008	16	400	254	336	82	0	81.75	81.75	81.75
juego3	easy	0.0	0.008	25	400	254	336	82	0	81.73	81.73	81.73
juego3	easy	0.0	0.008	34	400	254	336	82	0	81.76	81.76	81.76
juego3	easy	0.0	0.008	42	400	254	336	82	0	81.8	81.8	81.8
juego3	easy	0.0	0.008	51	400	254	336	82	0	81.83	81.83	81.83
juego3	easy	0.0	0.008	60	400	254	336	82	0	81.88	81.88	81.88
juego3	easy	0.0	0.008	69	400	254	336	82	0	81.88	81.88	81.88
juego3	easy	0.0	0.008	78	400	254	336	82	0	81.85	81.85	81.85
juego3	easy	0.0	0.008	85	400	254	336	82	0	81.81	81.81	81.81
juego3	easy	0.0	0.008	94	400	254	336	82	0	81.73	81.73	81.73
juego3	easy	0.0	0.008	102	400	254	336	82	0	81.68	81.68	81.68
juego3	easy	0.0	0.008	110	400	254	337	83	0	81.59	81.59	81.59
juego3	easy	0.0	0.008	119	400	254	337	83	0	81.54	81.54	81.54
juego3	easy	0.0	0.008	128	400	254	337	83	0	81.51	81.51	81.51
juego3	easy	0.0	0.008	137	400	254	337	83	0	81.51	81.51	81.51
juego3	easy	0.0	0.008	146	400	254	337	83	0	81.5	81.5	81.5
juego3	easy	0.0	0.008	155	400	254	337	83	0	81.5	81.5	81.5
juego3	easy	0.0	0.008	164	400	254	337	83	0	81.49	81.49	81.49
juego3	easy	0.0	0.008	174	400	254	337	83	0	81.49	81.49	81.49
juego3	easy	0.0	0.008	182	400	254	337	83	0	81.48	81.48	81.48
juego3	easy	0.0	0.008	191	400	254	337	83	0	81.47	81.47	81.47
juego3	easy	0.0	0.008	199	400	254	337	83	0	81.45	81.45	81.45
juego3	easy	0.0	0.008	209	400	254	337	83	0	81.45	81.45	81.45
juego3	easy	0.0	0.008	217	400	254	337	83	0	81.48	81.48	81.48
juego3	easy	0.0	0.008	225	400	254	337	83	0	81.5	81.5	81.5
juego3	easy	0.0	0.008	234	400	254	337	83	0	81.58	81.58	81.58
juego3	easy	0.0	0.008	243	400	254	336	82	0	81.75	81.75	81.75
juego3	easy	0.0	0.008	254	400	254	335	81	0	82.11	82.11	82.11
juego3	easy	0.0	0.008	261	400	254	334	80	0	82.4	82.4	82.4
juego3	easy	0.0	0.008	270	400	254	331	77	0	83.19	83.19	83.19
juego3	easy	0.0	0.008	278	400	254	327	73	0	84.3	84.3	84.3
juego3	easy	0.0	0.008	286	400	254	325	71	0	84.94	84.94	84.94
juego3	easy	0.0	0.008	294	400	254	320	66	0	86.31	86.31	86.31
juego3	easy	0.0	0.008	304	400	254	315	61	0	87.64	87.64	87.64
juego3	easy	0.0	0.008	310	400	254	313	59	0	88.26	88.26	88.26
juego3	easy	0.0	0.008	319	400	254	311	57	0	88.88	88.88	88.88
juego3	easy	0.0	0.008	328	400	254	307	53	0	89.96	89.96	89.96
juego3	easy	0.0	0.008	337	400	254	304	50	0	90.92	90.92	90.92
juego3	easy	0.0	0.008	345	400	254	301	47	0	91.75	91.75	91.75
juego3	easy	0.0	0.008	354	400	254	299	45	0	92.51	92.51	92.51
juego3	easy	0.0	0.008	364	400	254	296	42	0	93.4	93.4	93.4
juego3	easy	0.0	0.008	372	400	254	294	40	0	93.93	93.93	93.93
juego3	easy	0.0	0.008	381	400	254	290	36	0	95.05	95.05	95.05
juego3	easy	0.0	0.008	389	400	254	286	32	0	96.22	96.22	96.22
juego3	easy	0.0	0.008	397	400	254	284	30	0	96.81	96.81	96.81
juego3	easy	0.0	0.008	406	400	254	280	26	0	97.87	97.87	97.87
juego3	easy	0.0	0.008	415	400	254	279	25	0	98.35	98.35	98.35
juego3	easy	0.0	0.008	424	400	254	276	22	0	99.19	99.19	99.19
juego3	easy	0.0	0.008	432	400	254	274	20	0	99.81	99.81	99.81
juego3	easy	0.0	0.008	441	400	254	271	17	0	100.41	100.41	100.41
juego3	easy	0.0	0.008	449	400	254	270	16	0	100.91	100.91	100.91
juego3	easy	0.0	0.008	457	400	254	269	15	0	101.14	101.14	101.14
juego3	easy	0.0	0.008	465	400	254	267	13	0	101.62	101.62	101.62
juego3	easy	0.0	0.008	473	400	254	266	12	0	101.87	101.87	101.87
juego3	easy	0.0	0.008	482	400	254	264	10	0	102.47	102.47	102.47
juego3	easy	0.0	0.008	490	400	254	262	8	0	103.22	103.22	103.22
juego3	easy	0.0	0.008	499	400	254	259	5	0	103.98	103.98	103.98
juego3	easy	0.0	0.008	509	400	254	256	2	0	104.69	104.69	104.69
juego3	easy	0.0	0.008	517	400	254	255	1	0	105.0	105.0	105.0
juego3	easy	0.0	0.008	526	400	254	254	0	0	105.46	105.46	105.46
juego3	easy	0.0	0.008	535	400	254	253	-1	0	105.68	105.68	105.68
juego3	easy	0.0	0.008	545	400	254	253	-1	0	105.75	105.75	105.75
juego3	easy	0.0	0.008	554	400	254	252	-2	0	105.79	105.79	105.79
juego3	easy	0.0	0.008	562	400	254	252	-2	0	105.81	105.81	105.81
juego3	easy	0.0	0.008	571	400	254	252	-2	0	105.87	105.87	105.87
juego3	easy	0.0	0.008	581	400	254	252	-2	0	105.95	105.95	105.95
juego3	easy	0.0	0.008	589	400	254	251	-3	0	106.08	106.08	106.08
juego3	easy	0.0	0.008	598	400	254	251	-3	0	106.13	106.13	106.13
juego3	easy	0.0	0.008	607	400	254	251	-3	0	106.2	106.2	106.2
juego3	easy	0.0	0.008	616	400	254	251	-3	0	106.2	106.2	106.2
juego3	easy	0.0	0.008	625	400	254	251	-3	0	106.13	106.13	106.13
juego3	easy	0.0	0.008	634	400	254	252	-2	0	106.01	106.01	106.01
juego3	easy	0.0	0.008	643	400	254	252	-2	0	105.82	105.82	105.82
juego3	easy	0.0	0.008	652	400	254	253	-1	0	105.72	105.72	105.72
juego3	easy	0.0	0.008	660	400	254	253	-1	0	105.56	105.56	105.56
juego3	easy	0.0	0.008	669	400	254	254	0	0	105.4	105.4	105.4
juego3	easy	0.0	0.008	679	400	254	254	0	0	105.31	105.31	105.31
juego3	easy	0.0	0.008	687	400	254	254	0	0	105.29	105.29	105.29
juego3	easy	0.0	0.008	696	400	254	254	0	0	105.32	105.32	105.32
juego3	easy	0.0	0.008	705	400	254	254	0	0	105.41	105.41	105.41
juego3	easy	0.0	0.008	713	400	254	254	0	0	105.46	105.46	105.46
juego3	easy	0.0	0.008	722	400	254	253	-1	0	105.56	105.56	105.56
juego3	easy	0.0	0.008	730	400	254	253	-1	0	105.6	105.6	105.6
juego3	easy	0.0	0.008	739	400	254	253	-1	0	105.58	105.58	105.58
juego3	easy	0.0	0.008	747	400	254	253	-1	0	105.56	105.56	105.56
juego3	easy	0.0	0.008	756	400	254	253	-1	0	105.49	105.49	105.49
juego3	easy	0.0	0.008	766	400	254	254	0	0	105.39	105.39	105.39
juego3	easy	0.0	0.008	774	400	254	254	0	0	105.32	105.32	105.32
juego3	easy	0.0	0.008	783	400	254	254	0	0	105.31	105.31	105.31
juego3	easy	0.0	0.008	792	400	254	254	0	0	105.3	105.3	105.3
juego3	easy	0.0	0.008	800	400	254	254	0	0	105.33	105.33	105.33
juego3	easy	0.0	0.008	809	400	254	254	0	0	105.33	105.33	105.33
juego3	easy	0.0	0.008	818	400	254	254	0	0	105.33	105.33	105.33
juego3	easy	0.0	0.008	828	400	254	254	0	0	105.3	105.3	105.3
juego3	easy	0.0	0.008	836	400	254	254	0	0	105.26	105.26	105.26
juego3	easy	0.0	0.008	846	400	254	255	1	0	105.19	105.19	105.19
juego3	easy	0.0	0.008	854	400	254	255	1	0	105.14	105.14	105.14
juego3	easy	0.0	0.008	862	400	254	255	1	0	105.12	105.12	105.12
juego3	easy	0.0	0.008	871	400	254	255	1	0	105.09	105.09	105.09
juego3	easy	0.0	0.008	879	400	254	255	1	0	105.08	105.08	105.08
juego3	easy	0.0	0.008	888	400	254	255	1	0	105.07	105.07	105.07
juego3	easy	0.0	0.008	896	400	254	255	1	0	105.05	105.05	105.05
juego3	easy	0.0	0.008	904	400	254	255	1	0	105.04	105.04	105.04
juego3	easy	0.0	0.008	913	400	254	255	1	0	104.99	104.99	104.99
juego3	easy	0.0	0.008	921	400	254	256	2	0	104.92	104.92	104.92
juego3	easy	0.0	0.008	931	400	254	256	2	0	104.87	104.87	104.87
juego3	easy	0.0	0.008	939	400	254	256	2	0	104.82	104.82	104.82
juego3	easy	0.0	0.008	948	400	254	256	2	0	104.82	104.82	104.82
juego3	easy	0.0	0.008	957	400	254	256	2	0	104.82	104.82	104.82
juego3	easy	0.0	0.008	966	400	254	256	2	0	104.83	104.83	104.83
juego3	easy	0.0	0.008	975	400	254	256	2	0	104.85	104.85	104.85
juego3	easy	0.0	0.008	983	400	254	256	2	0	104.85	104.85	104.85
juego3	easy	0.0	0.008	991	400	254	256	2	0	104.86	104.86	104.86
juego3	easy	0.0	0.008	999	400	254	256	2	0	104.84	104.84	104.84
juego3	easy	0.0	0.008	1008	400	254	256	2	0	104.83	104.83	104.83
juego3	easy	0.0	0.008	1016	400	254	256	2	0	104.8	104.8	104.8
juego3	easy	0.0	0.008	1024	400	254	256	2	0	104.76	104.76	104.76
juego3	easy	0.0	0.008	1032	400	254	256	2	0	104.74	104.74	104.74
juego3	easy	0.0	0.008	1041	400	254	256	2	0	104.73	104.73	104.73
juego3	easy	0.0	0.008	1050	400	254	256	2	0	104.73	104.73	104.73
juego3	easy	0.0	0.008	1059	400	254	256	2	0	104.74	104.74	104.74
juego3	easy	0.0	0.008	1068	400	254	256	2	0	104.76	104.76	104.76
juego3	easy	0.0	0.008	1077	400	254	256	2	0	104.79	104.79	104.79
juego3	easy	0.0	0.008	1086	400	254	256	2	0	104.82	104.82	104.82
juego3	easy	0.0	0.008	1094	400	254	256	2	0	104.83	104.83	104.83
juego3	easy	0.0	0.008	1104	400	254	256	2	0	104.85	104.85	104.85
juego3	easy	0.0	0.008	1113	400	254	256	2	0	104.85	104.85	104.85
juego3	easy	0.0	0.008	1122	400	254	256	2	0	104.83	104.83	104.83
juego3	easy	0.0	0.008	1131	400	254	256	2	0	104.8	104.8	104.8
juego3	easy	0.0	0.008	1140	400	254	256	2	0	104.75	104.75	104.75
juego3	easy	0.0	0.008	1149	400	254	256	2	0	104.73	104.73	104.73
juego3	easy	0.0	0.008	1157	400	254	256	2	0	104.71	104.71	104.71
juego3	easy	0.0	0.008	1167	400	254	256	2	0	104.7	104.7	104.7
juego3	easy	0.0	0.008	1175	400	254	256	2	0	104.69	104.69	104.69
juego3	easy	0.0	0.008	1184	400	254	256	2	0	104.7	104.7	104.7
juego3	easy	0.0	0.008	1193	400	254	256	2	0	104.7	104.7	104.7
juego3	easy	0.0	0.008	1202	400	254	256	2	0	104.7	104.7	104.7
juego3	easy	0.0	0.008	1211	400	254	256	2	0	104.71	104.71	104.71
juego3	easy	0.0	0.008	1220	400	254	256	2	0	104.7	104.7	104.7
juego3	easy	0.0	0.008	1229	400	254	256	2	0	104.7	104.7	104.7
juego3	easy	0.0	0.008	1238	400	254	256	2	0	104.71	104.71	104.71
juego3	easy	0.0	0.008	1247	400	254	256	2	0	104.7	104.7	104.7
juego3	easy	0.0	0.008	1256	400	254	256	2	0	104.68	104.68	104.68
juego3	easy	0.0	0.008	1265	400	254	256	2	0	104.64	104.64	104.64
juego3	easy	0.0	0.008	1274	400	254	257	3	0	104.6	104.6	104.6
juego3	easy	0.0	0.008	1282	400	254	257	3	0	104.54	104.54	104.54
juego3	easy	0.0	0.008	1291	400	254	257	3	0	104.49	104.49	104.49
juego3	easy	0.0	0.008	1299	400	254	257	3	0	104.46	104.46	104.46
juego3	easy	0.0	0.008	1308	400	254	257	3	0	104.45	104.45	104.45
juego3	easy	0.0	0.008	1317	400	254	257	3	0	104.45	104.45	104.45
juego3	easy	0.0	0.008	1325	400	254	257	3	0	104.46	104.46	104.46
juego3	easy	0.0	0.008	1334	400	254	257	3	0	104.48	104.48	104.48
juego3	easy	0.0	0.008	1342	400	254	257	3	0	104.52	104.52	104.52
juego3	easy	0.0	0.008	1351	400	254	257	3	0	104.54	104.54	104.54
juego3	easy	0.0	0.008	1359	400	254	257	3	0	104.54	104.54	104.54
juego3	easy	0.0	0.008	1368	400	254	257	3	0	104.54	104.54	104.54
juego3	easy	0.0	0.008	1377	400	254	257	3	0	104.53	104.53	104.53
juego3	easy	0.0	0.008	1386	400	254	257	3	0	104.51	104.51	104.51
juego3	easy	0.0	0.008	1394	400	254	257	3	0	104.5	104.5	104.5
juego3	easy	0.0	0.008	1403	400	254	257	3	0	104.48	104.48	104.48
juego3	easy	0.0	0.008	1412	400	254	257	3	0	104.47	104.47	104.47
juego3	easy	0.0	0.008	1422	400	254	257	3	0	104.47	104.47	104.47
juego3	easy	0.0	0.008	1431	400	254	257	3	0	104.47	104.47	104.47
juego3	easy	0.0	0.008	1440	400	254	257	3	0	104.47	104.47	104.47
juego3	easy	0.0	0.008	1449	400	254	257	3	0	104.48	104.48	104.48
juego3	easy	0.0	0.008	1458	400	254	257	3	0	104.48	104.48	104.48
juego3	easy	0.0	0.008	1467	400	254	257	3	0	104.5	104.5	104.5
juego3	easy	0.0	0.008	1476	400	254	257	3	0	104.52	104.52	104.52
juego3	easy	0.0	0.008	1485	400	254	257	3	0	104.54	104.54	104.54
juego3	easy	0.0	0.008	1494	400	254	257	3	0	104.53	104.53	104.53
juego3	easy	0.0	0.008	1502	400	254	257	3	0	104.53	104.53	104.53
juego3	easy	0.0	0.008	1511	400	254	257	3	0	104.5	104.5	104.5
juego3	easy	0.0	0.008	1520	400	254	257	3	0	104.49	104.49	104.49
juego3	easy	0.0	0.008	1529	400	254	257	3	0	104.46	104.46	104.46
juego3	easy	0.0	0.008	1537	400	254	257	3	0	104.44	104.44	104.44
juego3	easy	0.0	0.008	1546	400	254	257	3	0	104.45	104.45	104.45
juego3	easy	0.0	0.008	1556	400	254	257	3	0	104.48	104.48	104.48
juego3	easy	0.0	0.008	1564	400	254	257	3	0	104.5	104.5	104.5
juego3	easy	0.0	0.008	1573	400	254	257	3	0	104.51	104.51	104.51
juego3	easy	0.0	0.008	1582	400	254	257	3	0	104.52	104.52	104.52
juego3	easy	0.0	0.008	1591	400	254	257	3	0	104.51	104.51	104.51
juego3	easy	0.0	0.008	1600	400	254	257	3	0	104.5	104.5	104.5
juego3	easy	0.0	0.008	1610	400	254	257	3	0	104.47	104.47	104.47
juego3	easy	0.0	0.008	1618	400	254	257	3	0	104.46	104.46	104.46
juego3	easy	0.0	0.008	1626	400	254	257	3	0	104.44	104.44	104.44
juego3	easy	0.0	0.008	1635	400	254	257	3	0	104.43	104.43	104.43
juego3	easy	0.0	0.008	1644	400	254	257	3	0	104.42	104.42	104.42
juego3	easy	0.0	0.008	1653	400	254	257	3	0	104.43	104.43	104.43
juego3	easy	0.0	0.008	1662	400	254	257	3	0	104.45	104.45	104.45
juego3	easy	0.0	0.008	1671	400	254	257	3	0	104.49	104.49	104.49
juego3	easy	0.0	0.008	1679	400	254	257	3	0	104.52	104.52	104.52
juego3	easy	0.0	0.008	1688	400	254	257	3	0	104.56	104.56	104.56
juego3	easy	0.0	0.008	1697	400	254	257	3	0	104.58	104.58	104.58
juego3	easy	0.0	0.008	1706	400	254	257	3	0	104.58	104.58	104.58
juego3	easy	0.0	0.008	1715	400	254	257	3	0	104.57	104.57	104.57
juego3	easy	0.0	0.008	1724	400	254	257	3	0	104.57	104.57	104.57
juego3	easy	0.0	0.008	1733	400	254	257	3	0	104.58	104.58	104.58
juego3	easy	0.0	0.008	1741	400	254	257	3	0	104.58	104.58	104.58
juego3	easy	0.0	0.008	1750	400	254	257	3	0	104.59	104.59	104.59
juego3	easy	0.0	0.008	1760	400	254	257	3	0	104.61	104.61	104.61
juego3	easy	0.0	0.008	1768	400	254	257	3	0	104.62	104.62	104.62
juego3	easy	0.0	0.008	1776	400	254	257	3	0	104.63	104.63	104.63
juego3	easy	0.0	0.008	1785	400	254	256	2	0	104.64	104.64	104.64
juego3	easy	0.0	0.008	1793	400	254	256	2	0	104.66	104.66	104.66
juego3	easy	0.0	0.008	1802	400	254	256	2	0	104.69	104.69	104.69
juego3	easy	0.0	0.008	1812	400	254	256	2	0	104.72	104.72	104.72
juego3	easy	0.0	0.008	1820	400	254	256	2	0	104.73	104.73	104.73
juego3	easy	0.0	0.008	1827	400	254	256	2	0	104.75	104.75	104.75
juego3	easy	0.0	0.008	1836	400	254	256	2	0	104.75	104.75	104.75
juego3	easy	0.0	0.008	1845	400	254	256	2	0	104.75	104.75	104.75
juego3	easy	0.0	0.008	1855	400	254	256	2	0	104.74	104.74	104.74
juego3	easy	0.0	0.008	1863	400	254	256	2	0	104.74	104.74	104.74
juego3	easy	0.0	0.008	1871	400	254	256	2	0	104.74	104.74	104.74
juego3	easy	0.0	0.008	1880	400	254	256	2	0	104.76	104.76	104.76
juego3	easy	0.0	0.008	1888	400	254	256	2	0	104.78	104.78	104.78
juego3	easy	0.0	0.008	1896	400	254	256	2	0	104.79	104.79	104.79
juego3	easy	0.0	0.008	1904	400	254	256	2	0	104.8	104.8	104.8
juego3	easy	0.0	0.008	1913	400	254	256	2	0	104.8	104.8	104.8
juego3	easy	0.0	0.008	1922	400	254	256	2	0	104.79	104.79	104.79
juego3	easy	0.0	0.008	1930	400	254	256	2	0	104.8	104.8	104.8
juego3	easy	0.0	0.008	1939	400	254	256	2	0	104.81	104.81	104.81
juego3	easy	0.0	0.008	1948	400	254	256	2	0	104.83	104.83	104.83
juego3	easy	0.0	0.008	1956	400	254	256	2	0	104.86	104.86	104.86
juego3	easy	0.0	0.008	1965	400	254	256	2	0	104.9	104.9	104.9
juego3	easy	0.0	0.008	1974	400	254	255	1	0	104.93	104.93	104.93
juego3	easy	0.0	0.008	1983	400	254	255	1	0	104.94	104.94	104.94
juego3	easy	0.0	0.008	1990	400	254	255	1	0	104.94	104.94	104.94
juego3	easy	0.0	0.008	1998	400	254	255	1	0	104.95	104.95	104.95
juego3	easy	0.0	0.008	0	400	254	255	1	1	104.98	104.98	104.98
juego3	easy	80.0	0.008	8	400	171	255	84	1	105.0	105.0	105.0
juego3	easy	80.0	0.008	16	400	171	255	84	1	105.04	105.04	105.04
juego3	easy	80.0	0.008	25	400	171	255	84	1	105.07	105.07	105.07
juego3	easy	80.0	0.008	34	400	171	255	84	1	105.09	105.09	105.09
juego3	easy	80.0	0.008	43	400	171	255	84	1	105.1	105.1	105.1
juego3	easy	80.0	0.008	51	400	171	255	84	1	105.09	105.09	105.09
juego3	easy	80.0	0.008	60	400	171	255	84	1	105.07	105.07	105.07
juego3	easy	80.0	0.008	68	400	171	255	84	1	105.06	105.06	105.06
juego3	easy	80.0	0.008	77	400	171	255	84	1	105.05	105.05	105.05
juego3	easy	80.0	0.008	85	400	171	255	84	1	105.05	105.05	105.05
juego3	easy	80.0	0.008	94	400	171	255	84	1	105.07	105.07	105.07
juego3	easy	80.0	0.008	102	400	171	255	84	1	105.09	105.09	105.09
juego3	easy	80.0	0.008	111	400	171	255	84	1	105.11	105.11	105.11
juego3	easy	80.0	0.008	119	400	171	255	84	1	105.11	105.11	105.11
juego3	easy	80.0	0.008	128	400	171	255	84	1	105.11	105.11	105.11
juego3	easy	80.0	0.008	135	400	171	255	84	1	105.13	105.13	105.13
juego3	easy	80.0	0.008	144	400	171	255	84	1	105.14	105.14	105.14
juego3	easy	80.0	0.008	153	400	171	255	84	1	105.15	105.15	105.15
juego3	easy	80.0	0.008	160	400	171	255	84	1	105.16	105.16	105.16
juego3	easy	80.0	0.008	169	400	171	255	84	1	105.16	105.16	105.16
juego3	easy	80.0	0.008	178	400	171	255	84	1	105.15	105.15	105.15
juego3	easy	80.0	0.008	187	400	171	255	84	1	105.16	105.16	105.16
juego3	easy	80.0	0.008	197	400	171	255	84	1	105.16	105.16	105.16
juego3	easy	80.0	0.008	204	400	171	255	84	1	105.17	105.17	105.17
juego3	easy	80.0	0.008	213	400	171	255	84	1	105.19	105.19	105.19
juego3	easy	80.0	0.008	222	400	171	254	83	1	105.23	105.23	105.23
juego3	easy	80.0	0.008	230	400	171	254	83	1	105.23	105.23	105.23
juego3	easy	80.0	0.008	239	400	171	255	84	1	105.19	105.19	105.19
juego3	easy	80.0	0.008	248	400	171	255	84	1	105.15	105.15	105.15
juego3	easy	80.0	0.008	257	400	171	255	84	1	105.15	105.15	105.15
juego3	easy	80.0	0.008	265	400	171	254	83	1	105.27	105.27	105.27
juego3	easy	80.0	0.008	273	400	171	254	83	1	105.39	105.39	105.39
juego3	easy	80.0	0.008	282	400	171	252	81	1	105.82	105.82	105.82
juego3	easy	80.0	0.008	291	400	171	249	78	1	106.88	106.88	106.88
juego3	easy	80.0	0.008	300	400	171	242	71	1	108.86	108.86	108.86
juego3	easy	80.0	0.008	308	400	171	237	66	1	110.1	110.1	110.1
juego3	easy	80.0	0.008	317	400	171	228	57	1	112.84	112.84	112.84
juego3	easy	80.0	0.008	323	400	171	228	57	1	112.84	112.84	112.84
juego3	easy	80.0	0.008	332	400	171	214	43	1	116.77	116.77	116.77
juego3	easy	80.0	0.008	341	400	171	204	33	1	119.45	119.45	119.45
juego3	easy	80.0	0.008	350	400	171	197	26	1	121.52	121.52	121.52
juego3	easy	80.0	0.008	358	400	171	194	23	1	122.41	122.41	122.41
juego3	easy	80.0	0.008	367	400	171	189	18	1	123.73	123.73	123.73
juego3	easy	80.0	0.008	377	400	171	186	15	1	124.53	124.53	124.53
juego3	easy	80.0	0.008	385	400	171	185	14	1	124.78	124.78	124.78
juego3	easy	80.0	0.008	394	400	171	184	13	1	125.06	125.06	125.06
juego3	easy	80.0	0.008	403	400	171	184	13	1	125.21	125.21	125.21
juego3	easy	80.0	0.008	411	400	171	184	13	1	125.21	125.21	125.21
juego3	easy	80.0	0.008	420	400	171	184	13	1	125.28	125.28	125.28
juego3	easy	80.0	0.008	430	400	171	183	12	1	125.62	125.62	125.62
juego3	easy	80.0	0.008	438	400	171	181	10	1	125.91	125.91	125.91
juego3	easy	80.0	0.008	445	400	171	179	8	1	126.53	126.53	126.53
juego3	easy	80.0	0.008	454	400	171	178	7	1	126.83	126.83	126.83
juego3	easy	80.0	0.008	463	400	171	176	5	1	127.39	127.39	127.39
juego3	easy	80.0	0.008	472	400	171	175	4	1	127.78	127.78	127.78
juego3	easy	80.0	0.008	479	400	171	175	4	1	127.89	127.89	127.89
juego3	easy	80.0	0.008	488	400	171	174	3	1	127.9	127.9	127.9
juego3	easy	80.0	0.008	498	400	171	175	4	1	127.74	127.74	127.74
juego3	easy	80.0	0.008	506	400	171	176	5	1	127.46	127.46	127.46
juego3	easy	80.0	0.008	516	400	171	177	6	1	127.09	127.09	127.09
juego3	easy	80.0	0.008	524	400	171	178	7	1	126.91	126.91	126.91
juego3	easy	80.0	0.008	532	400	171	179	8	1	126.59	126.59	126.59
juego3	easy	80.0	0.008	541	400	171	180	9	1	126.38	126.38	126.38
juego3	easy	80.0	0.008	548	400	171	180	9	1	126.31	126.31	126.31
juego3	easy	80.0	0.008	557	400	171	180	9	1	126.28	126.28	126.28
juego3	easy	80.0	0.008	566	400	171	180	9	1	126.3	126.3	126.3
juego3	easy	80.0	0.008	575	400	171	180	9	1	126.32	126.32	126.32
juego3	easy	80.0	0.008	585	400	171	180	9	1	126.36	126.36	126.36
juego3	easy	80.0	0.008	593	400	171	180	9	1	126.36	126.36	126.36
juego3	easy	80.0	0.008	602	400	171	180	9	1	126.34	126.34	126.34
juego3	easy	80.0	0.008	611	400	171	180	9	1	126.32	126.32	126.32
juego3	easy	80.0	0.008	620	400	171	180	9	1	126.33	126.33	126.33
juego3	easy	80.0	0.008	628	400	171	180	9	1	126.37	126.37	126.37
juego3	easy	80.0	0.008	638	400	171	180	9	1	126.46	126.46	126.46
juego3	easy	80.0	0.008	646	400	171	179	8	1	126.57	126.57	126.57
juego3	easy	80.0	0.008	655	400	171	179	8	1	126.63	126.63	126.63
juego3	easy	80.0	0.008	663	400	171	179	8	1	126.69	126.69	126.69
juego3	easy	80.0	0.008	673	400	171	179	8	1	126.67	126.67	126.67
juego3	easy	80.0	0.008	682	400	171	179	8	1	126.64	126.64	126.64
juego3	easy	80.0	0.008	690	400	171	179	8	1	126.62	126.62	126.62
juego3	easy	80.0	0.008	699	400	171	179	8	1	126.58	126.58	126.58
juego3	easy	80.0	0.008	707	400	171	179	8	1	126.61	126.61	126.61
juego3	easy	80.0	0.008	715	400	171	179	8	1	126.71	126.71	126.71
juego3	easy	80.0	0.008	724	400	171	178	7	1	126.8	126.8	126.8
juego3	easy	80.0	0.008	733	400	171	178	7	1	127.02	127.02	127.02
juego3	easy	80.0	0.008	741	400	171	177	6	1	127.23	127.23	127.23
juego3	easy	80.0	0.008	749	400	171	177	6	1	127.31	127.31	127.31
juego3	easy	80.0	0.008	758	400	171	176	5	1	127.41	127.41	127.41
juego3	easy	80.0	0.008	768	400	171	176	5	1	127.46	127.46	127.46
juego3	easy	80.0	0.008	777	400	171	176	5	1	127.48	127.48	127.48
juego3	easy	80.0	0.008	785	400	171	176	5	1	127.5	127.5	127.5
juego3	easy	80.0	0.008	794	400	171	176	5	1	127.54	127.54	127.54
juego3	easy	80.0	0.008	803	400	171	176	5	1	127.6	127.6	127.6
juego3	easy	80.0	0.008	812	400	171	175	4	1	127.67	127.67	127.67
juego3	easy	80.0	0.008	820	400	171	175	4	1	127.7	127.7	127.7
juego3	easy	80.0	0.008	829	400	171	175	4	1	127.75	127.75	127.75
juego3	easy	80.0	0.008	837	400	171	175	4	1	127.79	127.79	127.79
juego3	easy	80.0	0.008	847	400	171	175	4	1	127.85	127.85	127.85
juego3	easy	80.0	0.008	855	400	171	175	4	1	127.89	127.89	127.89
juego3	easy	80.0	0.008	863	400	171	174	3	1	127.98	127.98	127.98
juego3	easy	80.0	0.008	871	400	171	174	3	1	128.05	128.05	128.05
juego3	easy	80.0	0.008	880	400	171	173	2	1	128.23	128.23	128.23
juego3	easy	80.0	0.008	889	400	171	173	2	1	128.42	128.42	128.42
juego3	easy	80.0	0.008	897	400	171	172	1	1	128.56	128.56	128.56
juego3	easy	80.0	0.008	906	400	171	172	1	1	128.6	128.6	128.6
juego3	easy	80.0	0.008	914	400	171	172	1	1	128.62	128.62	128.62
juego3	easy	80.0	0.008	923	400	171	172	1	1	128.6	128.6	128.6
juego3	easy	80.0	0.008	931	400	171	172	1	1	128.57	128.57	128.57
juego3	easy	80.0	0.008	939	400	171	172	1	1	128.57	128.57	128.57
juego3	easy	80.0	0.008	948	400	171	172	1	1	128.62	128.62	128.62
juego3	easy	80.0	0.008	957	400	171	171	0	1	128.75	128.75	128.75
juego3	easy	80.0	0.008	965	400	171	171	0	1	128.84	128.84	128.84
juego3	easy	80.0	0.008	973	400	171	170	-1	1	129.05	129.05	129.05
juego3	easy	80.0	0.008	983	400	171	170	-1	1	129.24	129.24	129.24
juego3	easy	80.0	0.008	991	400	171	169	-2	1	129.38	129.38	129.38
juego3	easy	80.0	0.008	1000	400	171	169	-2	1	129.41	129.41	129.41
juego3	easy	80.0	0.008	1008	400	171	169	-2	1	129.4	129.4	129.4
juego3	easy	80.0	0.008	1018	400	171	169	-2	1	129.34	129.34	129.34
juego3	easy	80.0	0.008	1026	400	171	170	-1	1	129.27	129.27	129.27
juego3	easy	80.0	0.008	1035	400	171	170	-1	1	129.24	129.24	129.24
juego3	easy	80.0	0.008	1044	400	171	170	-1	1	129.23	129.23	129.23
juego3	easy	80.0	0.008	1053	400	171	170	-1	1	129.26	129.26	129.26
juego3	easy	80.0	0.008	1062	400	171	169	-2	1	129.32	129.32	129.32
juego3	easy	80.0	0.008	1070	400	171	169	-2	1	129.35	129.35	129.35
juego3	easy	80.0	0.008	1079	400	171	169	-2	1	129.39	129.39	129.39
juego3	easy	80.0	0.008	1088	400	171	169	-2	1	129.42	129.42	129.42
juego3	easy	80.0	0.008	1097	400	171	169	-2	1	129.43	129.43	129.43
juego3	easy	80.0	0.008	1107	400	171	169	-2	1	129.42	129.42	129.42
juego3	easy	80.0	0.008	1115	400	171	169	-2	1	129.4	129.4	129.4
juego3	easy	80.0	0.008	1124	400	171	169	-2	1	129.38	129.38	129.38
juego3	easy	80.0	0.008	1132	400	171	169	-2	1	129.38	129.38	129.38
juego3	easy	80.0	0.008	1142	400	171	169	-2	1	129.39	129.39	129.39
juego3	easy	80.0	0.008	1150	400	171	169	-2	1	129.41	129.41	129.41
juego3	easy	80.0	0.008	1160	400	171	169	-2	1	129.44	129.44	129.44
juego3	easy	80.0	0.008	1168	400	171	169	-2	1	129.48	129.48	129.48
juego3	easy	80.0	0.008	1177	400	171	169	-2	1	129.51	129.51	129.51
juego3	easy	80.0	0.008	1186	400	171	169	-2	1	129.53	129.53	129.53
juego3	easy	80.0	0.008	1195	400	171	169	-2	1	129.55	129.55	129.55
juego3	easy	80.0	0.008	1203	400	171	169	-2	1	129.56	129.56	129.56
juego3	easy	80.0	0.008	1212	400	171	169	-2	1	129.58	129.58	129.58
juego3	easy	80.0	0.008	1221	400	171	169	-2	1	129.59	129.59	129.59
juego3	easy	80.0	0.008	1231	400	171	168	-3	1	129.61	129.61	129.61
juego3	easy	80.0	0.008	1239	400	171	168	-3	1	129.64	129.64	129.64
juego3	easy	80.0	0.008	1248	400	171	168	-3	1	129.65	129.65	129.65
juego3	easy	80.0	0.008	1257	400	171	168	-3	1	129.67	129.67	129.67
juego3	easy	80.0	0.008	1264	400	171	168	-3	1	129.69	129.69	129.69
juego3	easy	80.0	0.008	1274	400	171	168	-3	1	129.7	129.7	129.7
juego3	easy	80.0	0.008	1282	400	171	168	-3	1	129.7	129.7	129.7
juego3	easy	80.0	0.008	1291	400	171	168	-3	1	129.7	129.7	129.7
juego3	easy	80.0	0.008	1300	400	171	168	-3	1	129.72	129.72	129.72
juego3	easy	80.0	0.008	1309	400	171	168	-3	1	129.72	129.72	129.72
juego3	easy	80.0	0.008	1318	400	171	168	-3	1	129.73	129.73	129.73
juego3	easy	80.0	0.008	1327	400	171	168	-3	1	129.73	129.73	129.73
juego3	easy	80.0	0.008	1335	400	171	168	-3	1	129.73	129.73	129.73
juego3	easy	80.0	0.008	1345	400	171	168	-3	1	129.71	129.71	129.71
juego3	easy	80.0	0.008	1353	400	171	168	-3	1	129.69	129.69	129.69
juego3	easy	80.0	0.008	1362	400	171	168	-3	1	129.68	129.68	129.68
juego3	easy	80.0	0.008	1371	400	171	168	-3	1	129.68	129.68	129.68
juego3	easy	80.0	0.008	1378	400	171	168	-3	1	129.7	129.7	129.7
juego3	easy	80.0	0.008	1387	400	171	168	-3	1	129.73	129.73	129.73
juego3	easy	80.0	0.008	1396	400	171	168	-3	1	129.76	129.76	129.76
juego3	easy	80.0	0.008	1405	400	171	168	-3	1	129.81	129.81	129.81
juego3	easy	80.0	0.008	1413	400	171	168	-3	1	129.84	129.84	129.84
juego3	easy	80.0	0.008	1422	400	171	168	-3	1	129.86	129.86	129.86
juego3	easy	80.0	0.008	1430	400	171	168	-3	1	129.85	129.85	129.85
juego3	easy	80.0	0.008	1438	400	171	168	-3	1	129.84	129.84	129.84
juego3	easy	80.0	0.008	1447	400	171	168	-3	1	129.83	129.83	129.83
juego3	easy	80.0	0.008	1456	400	171	168	-3	1	129.83	129.83	129.83
juego3	easy	80.0	0.008	1464	400	171	168	-3	1	129.82	129.82	129.82
juego3	easy	80.0	0.008	1473	400	171	168	-3	1	129.81	129.81	129.81
juego3	easy	80.0	0.008	1482	400	171	168	-3	1	129.8	129.8	129.8
juego3	easy	80.0	0.008	1490	400	171	168	-3	1	129.77	129.77	129.77
juego3	easy	80.0	0.008	1499	400	171	168	-3	1	129.76	129.76	129.76
juego3	easy	80.0	0.008	1508	400	171	168	-3	1	129.74	129.74	129.74
juego3	easy	80.0	0.008	1516	400	171	168	-3	1	129.74	129.74	129.74
juego3	easy	80.0	0.008	1525	400	171	168	-3	1	129.74	129.74	129.74
juego3	easy	80.0	0.008	1534	400	171	168	-3	1	129.73	129.73	129.73
juego3	easy	80.0	0.008	1543	400	171	168	-3	1	129.7	129.7	129.7
juego3	easy	80.0	0.008	1551	400	171	168	-3	1	129.68	129.68	129.68
juego3	easy	80.0	0.008	1560	400	171	168	-3	1	129.64	129.64	129.64
juego3	easy	80.0	0.008	1570	400	171	168	-3	1	129.61	129.61	129.61
juego3	easy	80.0	0.008	1578	400	171	169	-2	1	129.59	129.59	129.59
juego3	easy	80.0	0.008	1586	400	171	169	-2	1	129.57	129.57	129.57
juego3	easy	80.0	0.008	1595	400	171	169	-2	1	129.54	129.54	129.54
juego3	easy	80.0	0.008	1605	400	171	169	-2	1	129.53	129.53	129.53
juego3	easy	80.0	0.008	1613	400	171	169	-2	1	129.52	129.52	129.52
juego3	easy	80.0	0.008	1622	400	171	169	-2	1	129.52	129.52	129.52
juego3	easy	80.0	0.008	1630	400	171	169	-2	1	129.53	129.53	129.53
juego3	easy	80.0	0.008	1639	400	171	169	-2	1	129.52	129.52	129.52
juego3	easy	80.0	0.008	1647	400	171	169	-2	1	129.52	129.52	129.52
juego3	easy	80.0	0.008	1656	400	171	169	-2	1	129.5	129.5	129.5
juego3	easy	80.0	0.008	1666	400	171	169	-2	1	129.48	129.48	129.48
juego3	easy	80.0	0.008	1674	400	171	169	-2	1	129.47	129.47	129.47
juego3	easy	80.0	0.008	1684	400	171	169	-2	1	129.45	129.45	129.45
juego3	easy	80.0	0.008	1691	400	171	169	-2	1	129.45	129.45	129.45
juego3	easy	80.0	0.008	1700	400	171	169	-2	1	129.45	129.45	129.45
juego3	easy	80.0	0.008	1709	400	171	169	-2	1	129.45	129.45	129.45
juego3	easy	80.0	0.008	1719	400	171	169	-2	1	129.47	129.47	129.47
juego3	easy	80.0	0.008	1727	400	171	169	-2	1	129.48	129.48	129.48
juego3	easy	80.0	0.008	1737	400	171	169	-2	1	129.5	129.5	129.5
juego3	easy	80.0	0.008	1745	400	171	169	-2	1	129.52	129.52	129.52
juego3	easy	80.0	0.008	1754	400	171	169	-2	1	129.51	129.51	129.51
juego3	easy	80.0	0.008	1763	400	171	169	-2	1	129.48	129.48	129.48
juego3	easy	80.0	0.008	1772	400	171	169	-2	1	129.45	129.45	129.45
juego3	easy	80.0	0.008	1780	400	171	169	-2	1	129.4	129.4	129.4
juego3	easy	80.0	0.008	1789	400	171	169	-2	1	129.35	129.35	129.35
juego3	easy	80.0	0.008	1799	400	171	169	-2	1	129.32	129.32	129.32
juego3	easy	80.0	0.008	1807	400	171	169	-2	1	129.32	129.32	129.32
juego3	easy	80.0	0.008	1816	400	171	169	-2	1	129.33	129.33	129.33
juego3	easy	80.0	0.008	1824	400	171	169	-2	1	129.38	129.38	129.38
juego3	easy	80.0	0.008	1832	400	171	169	-2	1	129.4	129.4	129.4
juego3	easy	80.0	0.008	1841	400	171	169	-2	1	129.45	129.45	129.45
juego3	easy	80.0	0.008	1849	400	171	169	-2	1	129.48	129.48	129.48
juego3	easy	80.0	0.008	1857	400	171	169	-2	1	129.47	129.47	129.47
juego3	easy	80.0	0.008	1867	400	171	169	-2	1	129.43	129.43	129.43
juego3	easy	80.0	0.008	1876	400	171	169	-2	1	129.38	129.38	129.38
juego3	easy	80.0	0.008	1884	400	171	169	-2	1	129.32	129.32	129.32
juego3	easy	80.0	0.008	1893	400	171	170	-1	1	129.29	129.29	129.29
juego3	easy	80.0	0.008	1902	400	171	170	-1	1	129.28	129.28	129.28
juego3	easy	80.0	0.008	1910	400	171	170	-1	1	129.29	129.29	129.29
juego3	easy	80.0	0.008	1919	400	171	169	-2	1	129.33	129.33	129.33
juego3	easy	80.0	0.008	1927	400	171	169	-2	1	129.34	129.34	129.34
juego3	easy	80.0	0.008	1935	400	171	169	-2	1	129.36	129.36	129.36
juego3	easy	80.0	0.008	1945	400	171	169	-2	1	129.34	129.34	129.34
juego3	easy	80.0	0.008	1953	400	171	169	-2	1	129.32	129.32	129.32
juego3	easy	80.0	0.008	1961	400	171	170	-1	1	129.26	129.26	129.26
juego3	easy	80.0	0.008	1970	400	171	170	-1	1	129.16	129.16	129.16
juego3	easy	80.0	0.008	1979	400	171	170	-1	1	129.06	129.06	129.06
juego3	easy	80.0	0.008	1987	400	171	171	0	1	129.0	129.0	129.0
juego3	easy	80.0	0.008	1996	400	171	171	0	1	128.9	128.9	128.9
juego3	easy	80.0	0.008	0	400	171	171	0	2	128.85	128.85	128.85
juego3	easy	0.0	0.008	9	400	254	171	-83	2	128.86	128.86	128.86
juego3	easy	0.0	0.008	18	400	254	171	-83	2	128.91	128.91	128.91
juego3	easy	0.0	0.008	25	400	254	171	-83	2	128.99	128.99	128.99
juego3	easy	0.0	0.008	35	400	254	170	-84	2	129.07	129.07	129.07
juego3	easy	0.0	0.008	43	400	254	170	-84	2	129.1	129.1	129.1
juego3	easy	0.0	0.008	52	400	254	170	-84	2	129.11	129.11	129.11
juego3	easy	0.0	0.008	60	400	254	170	-84	2	129.08	129.08	129.08
juego3	easy	0.0	0.008	68	400	254	170	-84	2	129.06	129.06	129.06
juego3	easy	0.0	0.008	77	400	254	171	-83	2	128.99	128.99	128.99
juego3	easy	0.0	0.008	86	400	254	171	-83	2	128.92	128.92	128.92
juego3	easy	0.0	0.008	95	400	254	171	-83	2	128.87	128.87	128.87
juego3	easy	0.0	0.008	105	400	254	171	-83	2	128.84	128.84	128.84
juego3	easy	0.0	0.008	113	400	254	171	-83	2	128.82	128.82	128.82
juego3	easy	0.0	0.008	122	400	254	172	-82	2	128.74	128.74	128.74
juego3	easy	0.0	0.008	130	400	254	172	-82	2	128.66	128.66	128.66
juego3	easy	0.0	0.008	139	400	254	172	-82	2	128.62	128.62	128.62
juego3	easy	0.0	0.008	148	400	254	172	-82	2	128.61	128.61	128.61
juego3	easy	0.0	0.008	156	400	254	172	-82	2	128.65	128.65	128.65
juego3	easy	0.0	0.008	164	400	254	172	-82	2	128.68	128.68	128.68
juego3	easy	0.0	0.008	173	400	254	171	-83	2	128.75	128.75	128.75
juego3	easy	0.0	0.008	181	400	254	171	-83	2	128.78	128.78	128.78
juego3	easy	0.0	0.008	189	400	254	171	-83	2	128.77	128.77	128.77
juego3	easy	0.0	0.008	198	400	254	171	-83	2	128.77	128.77	128.77
juego3	easy	0.0	0.008	206	400	254	171	-83	2	128.77	128.77	128.77
juego3	easy	0.0	0.008	215	400	254	172	-82	2	128.66	128.66	128.66
juego3	easy	0.0	0.008	223	400	254	172	-82	2	128.51	128.51	128.51
juego3	easy	0.0	0.008	232	400	254	174	-80	2	128.06	128.06	128.06
juego3	easy	0.0	0.008	241	400	254	177	-77	2	127.26	127.26	127.26
juego3	easy	0.0	0.008	249	400	254	179	-75	2	126.69	126.69	126.69
juego3	easy	0.0	0.008	258	400	254	185	-69	2	125.03	125.03	125.03
juego3	easy	0.0	0.008	267	400	254	193	-61	2	122.56	122.56	122.56
juego3	easy	0.0	0.008	276	400	254	205	-49	2	119.25	119.25	119.25
juego3	easy	0.0	0.008	285	400	254	219	-35	2	115.31	115.31	115.31
juego3	easy	0.0	0.008	294	400	254	226	-28	2	113.15	113.15	113.15
juego3	easy	0.0	0.008	303	400	254	235	-19	2	110.62	110.62	110.62
juego3	easy	0.0	0.008	313	400	254	255	1	2	105.18	105.18	105.18
juego3	easy	0.0	0.008	322	400	254	266	12	2	101.85	101.85	101.85
juego3	easy	0.0	0.008	330	400	254	271	17	2	100.39	100.39	100.39
juego3	easy	0.0	0.008	340	400	254	280	26	2	97.93	97.93	97.93
juego3	easy	0.0	0.008	348	400	254	286	32	2	96.32	96.32	96.32
juego3	easy	0.0	0.008	357	400	254	288	34	2	95.61	95.61	95.61
juego3	easy	0.0	0.008	367	400	254	288	34	2	95.62	95.62	95.62
juego3	easy	0.0	0.008	376	400	254	287	33	2	96.06	96.06	96.06
juego3	easy	0.0	0.008	384	400	254	286	32	2	96.37	96.37	96.37
juego3	easy	0.0	0.008	393	400	254	284	30	2	96.98	96.98	96.98
juego3	easy	0.0	0.008	401	400	254	283	29	2	97.22	97.22	97.22
juego3	easy	0.0	0.008	409	400	254	283	29	2	97.12	97.12	97.12
juego3	easy	0.0	0.008	418	400	254	285	31	2	96.58	96.58	96.58
juego3	easy	0.0	0.008	427	400	254	288	34	2	95.74	95.74	95.74
juego3	easy	0.0	0.008	437	400	254	291	37	2	94.81	94.81	94.81
juego3	easy	0.0	0.008	445	400	254	294	40	2	94.14	94.14	94.14
juego3	easy	0.0	0.008	454	400	254	294	40	2	94.01	94.01	94.01
juego3	easy	0.0	0.008	462	400	254	293	39	2	94.15	94.15	94.15
juego3	easy	0.0	0.008	471	400	254	292	38	2	94.62	94.62	94.62
juego3	easy	0.0	0.008	481	400	254	290	36	2	95.2	95.2	95.2
juego3	easy	0.0	0.008	489	400	254	289	35	2	95.55	95.55	95.55
juego3	easy	0.0	0.008	497	400	254	287	33	2	96.13	96.13	96.13
juego3	easy	0.0	0.008	506	400	254	286	32	2	96.4	96.4	96.4
juego3	easy	0.0	0.008	515	400	254	286	32	2	96.41	96.41	96.41
juego3	easy	0.0	0.008	523	400	254	286	32	2	96.36	96.36	96.36
juego3	easy	0.0	0.008	532	400	254	286	32	2	96.3	96.3	96.3
juego3	easy	0.0	0.008	539	400	254	286	32	2	96.3	96.3	96.3
juego3	easy	0.0	0.008	548	400	254	285	31	2	96.48	96.48	96.48
juego3	easy	0.0	0.008	557	400	254	284	30	2	96.87	96.87	96.87
juego3	easy	0.0	0.008	567	400	254	282	28	2	97.49	97.49	97.49
juego3	easy	0.0	0.008	576	400	254	279	25	2	98.25	98.25	98.25
juego3	easy	0.0	0.008	584	400	254	278	24	2	98.64	98.64	98.64
juego3	easy	0.0	0.008	593	400	254	275	21	2	99.38	99.38	99.38
juego3	easy	0.0	0.008	602	400	254	273	19	2	100.0	100.0	100.0
juego3	easy	0.0	0.008	611	400	254	272	18	2	100.26	100.26	100.26
juego3	easy	0.0	0.008	620	400	254	270	16	2	100.69	100.69	100.69
juego3	easy	0.0	0.008	629	400	254	269	15	2	101.04	101.04	101.04
juego3	easy	0.0	0.008	637	400	254	269	15	2	101.2	101.2	101.2
juego3	easy	0.0	0.008	646	400	254	267	13	2	101.54	101.54	101.54
juego3	easy	0.0	0.008	655	400	254	266	12	2	102.05	102.05	102.05
juego3	easy	0.0	0.008	664	400	254	264	10	2	102.63	102.63	102.63
juego3	easy	0.0	0.008	672	400	254	262	8	2	103.22	103.22	103.22
juego3	easy	0.0	0.008	681	400	254	261	7	2	103.49	103.49	103.49
juego3	easy	0.0	0.008	689	400	254	259	5	2	103.91	103.91	103.91
juego3	easy	0.0	0.008	697	400	254	258	4	2	104.12	104.12	104.12
juego3	easy	0.0	0.008	706	400	254	258	4	2	104.13	104.13	104.13
juego3	easy	0.0	0.008	716	400	254	259	5	2	104.07	104.07	104.07
juego3	easy	0.0	0.008	724	400	254	259	5	2	103.93	103.93	103.93
juego3	easy	0.0	0.008	733	400	254	260	6	2	103.78	103.78	103.78
juego3	easy	0.0	0.008	742	400	254	260	6	2	103.75	103.75	103.75
juego3	easy	0.0	0.008	750	400	254	259	5	2	103.8	103.8	103.8
juego3	easy	0.0	0.008	759	400	254	259	5	2	104.06	104.06	104.06
juego3	easy	0.0	0.008	768	400	254	257	3	2	104.5	104.5	104.5
juego3	easy	0.0	0.008	776	400	254	256	2	2	104.75	104.75	104.75
juego3	easy	0.0	0.008	785	400	254	254	0	2	105.23	105.23	105.23
juego3	easy	0.0	0.008	794	400	254	253	-1	2	105.59	105.59	105.59
juego3	easy	0.0	0.008	803	400	254	253	-1	2	105.74	105.74	105.74
juego3	easy	0.0	0.008	811	400	254	253	-1	2	105.74	105.74	105.74
juego3	easy	0.0	0.008	820	400	254	253	-1	2	105.64	105.64	105.64
juego3	easy	0.0	0.008	828	400	254	254	0	2	105.46	105.46	105.46
juego3	easy	0.0	0.008	838	400	254	255	1	2	105.2	105.2	105.2
juego3	easy	0.0	0.008	845	400	254	255	1	2	105.08	105.08	105.08
juego3	easy	0.0	0.008	854	400	254	255	1	2	104.95	104.95	104.95
juego3	easy	0.0	0.008	863	400	254	255	1	2	104.99	104.99	104.99
juego3	easy	0.0	0.008	871	400	254	255	1	2	105.07	105.07	105.07
juego3	easy	0.0	0.008	879	400	254	254	0	2	105.28	105.28	105.28
juego3	easy	0.0	0.008	888	400	254	253	-1	2	105.58	105.58	105.58
juego3	easy	0.0	0.008	896	400	254	253	-1	2	105.73	105.73	105.73
juego3	easy	0.0	0.008	905	400	254	252	-2	2	106.0	106.0	106.0
juego3	easy	0.0	0.008	913	400	254	251	-3	2	106.2	106.2	106.2
juego3	easy	0.0	0.008	922	400	254	251	-3	2	106.3	106.3	106.3
juego3	easy	0.0	0.008	930	400	254	251	-3	2	106.29	106.29	106.29
juego3	easy	0.0	0.008	939	400	254	251	-3	2	106.21	106.21	106.21
juego3	easy	0.0	0.008	947	400	254	252	-2	2	106.05	106.05	106.05
juego3	easy	0.0	0.008	956	400	254	252	-2	2	105.95	105.95	105.95
juego3	easy	0.0	0.008	965	400	254	252	-2	2	105.79	105.79	105.79
juego3	easy	0.0	0.008	974	400	254	253	-1	2	105.73	105.73	105.73
juego3	easy	0.0	0.008	982	400	254	253	-1	2	105.77	105.77	105.77
juego3	easy	0.0	0.008	992	400	254	252	-2	2	105.83	105.83	105.83
juego3	easy	0.0	0.008	1000	400	254	252	-2	2	105.96	105.96	105.96
juego3	easy	0.0	0.008	1009	400	254	251	-3	2	106.08	106.08	106.08
juego3	easy	0.0	0.008	1018	400	254	251	-3	2	106.12	106.12	106.12
juego3	easy	0.0	0.008	1026	400	254	251	-3	2	106.12	106.12	106.12
juego3	easy	0.0	0.008	1035	400	254	252	-2	2	106.05	106.05	106.05
juego3	easy	0.0	0.008	1044	400	254	252	-2	2	105.97	105.97	105.97
juego3	easy	0.0	0.008	1053	400	254	252	-2	2	105.98	105.98	105.98
juego3	easy	0.0	0.008	1061	400	254	252	-2	2	106.02	106.02	106.02
juego3	easy	0.0	0.008	1069	400	254	251	-3	2	106.11	106.11	106.11
juego3	easy	0.0	0.008	1079	400	254	251	-3	2	106.21	106.21	106.21
juego3	easy	0.0	0.008	1087	400	254	251	-3	2	106.28	106.28	106.28
juego3	easy	0.0	0.008	1096	400	254	251	-3	2	106.29	106.29	106.29
juego3	easy	0.0	0.008	1104	400	254	251	-3	2	106.22	106.22	106.22
juego3	easy	0.0	0.008	1113	400	254	251	-3	2	106.14	106.14	106.14
juego3	easy	0.0	0.008	1121	400	254	252	-2	2	105.9	105.9	105.9
juego3	easy	0.0	0.008	1132	400	254	253	-1	2	105.55	105.55	105.55
juego3	easy	0.0	0.008	1139	400	254	255	1	2	105.14	105.14	105.14
juego3	easy	0.0	0.008	1148	400	254	256	2	2	104.78	104.78	104.78
juego3	easy	0.0	0.008	1157	400	254	257	3	2	104.62	104.62	104.62
juego3	easy	0.0	0.008	1166	400	254	257	3	2	104.41	104.41	104.41
juego3	easy	0.0	0.008	1174	400	254	258	4	2	104.31	104.31	104.31
juego3	easy	0.0	0.008	1183	400	254	258	4	2	104.23	104.23	104.23
juego3	easy	0.0	0.008	1191	400	254	258	4	2	104.16	104.16	104.16
juego3	easy	0.0	0.008	1201	400	254	259	5	2	103.94	103.94	103.94
juego3	easy	0.0	0.008	1210	400	254	260	6	2	103.58	103.58	103.58
juego3	easy	0.0	0.008	1218	400	254	262	8	2	103.06	103.06	103.06
juego3	easy	0.0	0.008	1227	400	254	263	9	2	102.76	102.76	102.76
juego3	easy	0.0	0.008	1235	400	254	265	11	2	102.1	102.1	102.1
juego3	easy	0.0	0.008	1244	400	254	268	14	2	101.48	101.48	101.48
juego3	easy	0.0	0.008	1254	400	254	269	15	2	100.97	100.97	100.97
juego3	easy	0.0	0.008	1263	400	254	270	16	2	100.67	100.67	100.67
juego3	easy	0.0	0.008	1271	400	254	271	17	2	100.6	100.6	100.6
juego3	easy	0.0	0.008	1279	400	254	271	17	2	100.55	100.55	100.55
juego3	easy	0.0	0.008	1288	400	254	271	17	2	100.56	100.56	100.56
juego3	easy	0.0	0.008	1296	400	254	271	17	2	100.58	100.58	100.58
juego3	easy	0.0	0.008	1305	400	254	271	17	2	100.59	100.59	100.59
juego3	easy	0.0	0.008	1313	400	254	271	17	2	100.5	100.5	100.5
juego3	easy	0.0	0.008	1323	400	254	272	18	2	100.34	100.34	100.34
juego3	easy	0.0	0.008	1331	400	254	272	18	2	100.24	100.24	100.24
juego3	easy	0.0	0.008	1340	400	254	273	19	2	100.05	100.05	100.05
juego3	easy	0.0	0.008	1349	400	254	273	19	2	99.94	99.94	99.94
juego3	easy	0.0	0.008	1359	400	254	273	19	2	99.91	99.91	99.91
juego3	easy	0.0	0.008	1368	400	254	273	19	2	99.87	99.87	99.87
juego3	easy	0.0	0.008	1375	400	254	273	19	2	99.84	99.84	99.84
juego3	easy	0.0	0.008	1384	400	254	274	20	2	99.74	99.74	99.74
juego3	easy	0.0	0.008	1393	400	254	274	20	2	99.54	99.54	99.54
juego3	easy	0.0	0.008	1401	400	254	275	21	2	99.41	99.41	99.41
juego3	easy	0.0	0.008	1410	400	254	276	22	2	99.12	99.12	99.12
juego3	easy	0.0	0.008	1419	400	254	277	23	2	98.78	98.78	98.78
juego3	easy	0.0	0.008	1427	400	254	278	24	2	98.6	98.6	98.6
juego3	easy	0.0	0.008	1435	400	254	278	24	2	98.43	98.43	98.43
juego3	easy	0.0	0.008	1445	400	254	280	26	2	97.94	97.94	97.94
juego3	easy	0.0	0.008	1453	400	254	281	27	2	97.81	97.81	97.81
juego3	easy	0.0	0.008	1462	400	254	281	27	2	97.65	97.65	97.65
juego3	easy	0.0	0.008	1470	400	254	281	27	2	97.63	97.63	97.63
juego3	easy	0.0	0.008	1480	400	254	281	27	2	97.68	97.68	97.68
juego3	easy	0.0	0.008	1488	400	254	281	27	2	97.69	97.69	97.69
juego3	easy	0.0	0.008	1497	400	254	281	27	2	97.64	97.64	97.64
juego3	easy	0.0	0.008	1505	400	254	282	28	2	97.35	97.35	97.35
juego3	easy	0.0	0.008	1513	400	254	283	29	2	97.15	97.15	97.15
juego3	easy	0.0	0.008	1522	400	254	285	31	2	96.64	96.64	96.64
juego3	easy	0.0	0.008	1530	400	254	287	33	2	96.07	96.07	96.07
juego3	easy	0.0	0.008	1539	400	254	289	35	2	95.56	95.56	95.56
juego3	easy	0.0	0.008	1549	400	254	290	36	2	95.14	95.14	95.14
juego3	easy	0.0	0.008	1557	400	254	291	37	2	94.97	94.97	94.97
juego3	easy	0.0	0.008	1566	400	254	291	37	2	94.72	94.72	94.72
juego3	easy	0.0	0.008	1576	400	254	292	38	2	94.59	94.59	94.59
juego3	easy	0.0	0.008	1584	400	254	292	38	2	94.52	94.52	94.52
juego3	easy	0.0	0.008	1593	400	254	292	38	2	94.49	94.49	94.49
juego3	easy	0.0	0.008	1601	400	254	293	39	2	94.39	94.39	94.39
juego3	easy	0.0	0.008	1610	400	254	293	39	2	94.21	94.21	94.21
juego3	easy	0.0	0.008	1618	400	254	294	40	2	94.08	94.08	94.08
juego3	easy	0.0	0.008	1626	400	254	295	41	2	93.75	93.75	93.75
juego3	easy	0.0	0.008	1635	400	254	296	42	2	93.37	93.37	93.37
juego3	easy	0.0	0.008	1644	400	254	298	44	2	92.99	92.99	92.99
juego3	easy	0.0	0.008	1653	400	254	298	44	2	92.79	92.79	92.79
juego3	easy	0.0	0.008	1662	400	254	299	45	2	92.62	92.62	92.62
juego3	easy	0.0	0.008	1671	400	254	300	46	2	92.22	92.22	92.22
juego3	easy	0.0	0.008	1680	400	254	300	46	2	92.06	92.06	92.06
juego3	easy	0.0	0.008	1689	400	254	300	46	2	92.03	92.03	92.03
juego3	easy	0.0	0.008	1696	400	254	300	46	2	92.1	92.1	92.1
juego3	easy	0.0	0.008	1705	400	254	300	46	2	92.29	92.29	92.29
juego3	easy	0.0	0.008	1713	400	254	300	46	2	92.39	92.39	92.39
juego3	easy	0.0	0.008	1721	400	254	299	45	2	92.63	92.63	92.63
juego3	easy	0.0	0.008	1729	400	254	298	44	2	92.79	92.79	92.79
juego3	easy	0.0	0.008	1739	400	254	298	44	2	92.81	92.81	92.81
juego3	easy	0.0	0.008	1746	400	254	298	44	2	92.77	92.77	92.77
juego3	easy	0.0	0.008	1755	400	254	299	45	2	92.62	92.62	92.62
juego3	easy	0.0	0.008	1763	400	254	299	45	2	92.49	92.49	92.49
juego3	easy	0.0	0.008	1772	400	254	300	46	2	92.23	92.23	92.23
juego3	easy	0.0	0.008	1780	400	254	300	46	2	92.01	92.01	92.01
juego3	easy	0.0	0.008	1789	400	254	300	46	2	91.88	91.88	91.88
juego3	easy	0.0	0.008	1798	400	254	301	47	2	91.86	91.86	91.86
juego3	easy	0.0	0.008	1808	400	254	300	46	2	91.9	91.9	91.9
juego3	easy	0.0	0.008	1816	400	254	300	46	2	92.02	92.02	92.02
juego3	easy	0.0	0.008	1825	400	254	300	46	2	92.16	92.16	92.16
juego3	easy	0.0	0.008	1841	400	254	300	46	2	92.22	92.22	92.22
